  4000.89990234     0.00000000
  4001.82006836     0.00000000
  4002.74316406     0.00000000
  4003.66381836     0.00000000
  4004.58715820     0.00000000
  4005.50830078     0.00000000
  4006.43188477     0.00000000
  4007.35351563     0.00000000
  4008.27563477     0.00000000
  4009.19995117     0.00000000
  4010.12231445     0.00000000
  4011.04687500     0.00000000
  4011.96972656     0.00000000
  4012.89453125     0.00000000
  4013.81787109     0.00000000
  4014.74121094     0.00000000
  4015.66699219     0.00000000
  4016.59106445     0.00000000
  4017.51708984     0.00000000
  4018.44140625     0.00000000
  4019.36791992     0.00000000
  4020.29272461     0.00000000
  4021.21752930     0.00000000
  4022.14477539     0.00000000
  4023.07006836     0.00000000
  4023.99780273     0.00000000
  4024.92333984     0.00000000
  4025.85180664     0.00000000
  4026.77783203     0.00000000
  4027.70410156     0.00000000
  4028.63305664     0.00000000
  4029.55981445     0.00000000
  4030.48901367     0.00000000
  4031.41601563     0.00000000
  4032.34570313     0.00000000
  4033.27343750     0.00000000
  4034.20117188     0.00000000
  4035.13134766     0.00000000
  4036.05981445     0.00000000
  4036.99047852     0.00000000
  4037.91918945     0.00000000
  4038.85034180     0.00000000
  4039.77929688     0.00000000
  4040.70874023     0.00000000
  4041.64038086     0.00000000
  4042.57031250     0.00000000
  4043.50244141     0.00000000
  4044.43261719     0.00000000
  4045.36547852     0.00000000
  4046.29614258     0.00000000
  4047.22680664     0.00000000
  4048.16040039     0.00000000
  4049.09155273     0.00000000
  4050.02514648     0.00000000
  4050.95703125     0.00000000
  4051.89086914     0.00000000
  4052.82299805     0.00000000
  4053.75561523     0.00000000
  4054.69018555     0.00000000
  4055.62304688     0.00000000
  4056.55810547     0.00000000
  4057.49169922     0.00000000
  4058.42724609     0.00000000
  4059.36083984     0.00000000
  4060.29467773     0.00000000
  4061.23071289     0.00000000
  4062.16503906     0.00000000
  4063.10205078     0.00000000
  4064.03662109     0.00000000
  4064.97387695     0.00000000
  4065.90893555     0.00000000
  4066.84423828     0.00000000
  4067.78198242     0.00000000
  4068.71801758     0.00000000
  4069.65600586     0.00000000
  4070.59228516     0.00000000
  4071.53100586     0.00000000
  4072.46752930     0.00000000
  4073.40454102     0.00000000
  4074.34375000     0.00000000
  4075.28100586     0.00000000
  4076.22094727     0.00000000
  4077.15869141     0.00000000
  4078.09863281     0.00000000
  4079.03686523     0.00000000
  4079.97753906     0.00000000
  4080.91625977     0.00000000
  4081.85498047     0.00000000
  4082.79614258     0.00000000
  4083.73559570     0.00000000
  4084.67724609     0.00000000
  4085.61694336     0.00000000
  4086.55908203     0.00000000
  4087.49902344     0.00000000
  4088.43945313     0.00000000
  4089.38208008     0.00000000
  4090.32275391     0.00000000
  4091.26635742     0.00000000
  4092.20727539     0.00000000
  4093.15087891     0.00000000
  4094.09252930     0.00000000
  4095.03442383     0.00000000
  4095.97875977     0.00000000
  4096.92089844     0.00000000
  4097.86572266     0.00000000
  4098.80859375     0.00000000
  4099.75341797     0.00000000
  4100.69677734     0.00000000
  4101.64013672     0.00000000
  4102.58593750     0.00000000
  4103.52978516     0.00000000
  4104.47607422     0.00000000
  4105.42041016     0.00000000
  4106.36718750     0.00000000
  4107.31152344     0.00000000
  4108.25634766     0.00000000
  4109.20410156     0.00000000
  4110.14941406     0.00000000
  4111.09716797     0.00000000
  4112.04296875     0.00000000
  4112.99121094     0.00000000
  4113.93701172     0.00000000
  4114.88378906     0.00000000
  4115.83251953     0.00000000
  4116.77929688     0.00000000
  4117.72851563     0.00000000
  4118.67578125     0.00000000
  4119.62548828     0.00000000
  4120.57324219     0.00000000
  4121.52148438     0.00000000
  4122.47167969     0.00000000
  4123.42041016     0.00000000
  4124.37109375     0.00000000
  4125.31982422     0.00000000
  4126.27099609     0.00000000
  4127.22021484     0.00000000
  4128.16943359     0.00000000
  4129.12158203     0.00000000
  4130.07177734     0.00000000
  4131.02392578     0.00000000
  4131.97460938     0.00000000
  4132.92724609     0.00000000
  4133.87792969     0.00000000
  4134.82910156     0.00000000
  4135.78222656     0.00000000
  4136.73388672     0.00000000
  4137.68798828     0.00000000
  4138.63964844     0.00000000
  4139.59375000     0.00000000
  4140.54638672     0.00000000
  4141.49902344     0.00000000
  4142.45410156     0.00000000
  4143.40673828     0.00000000
  4144.36230469     0.00000000
  4145.31591797     0.00000000
  4146.27148438     0.00000000
  4147.22558594     0.00000000
  4148.17968750     0.00000000
  4149.13574219     0.00000000
  4150.09033203     0.00000000
  4151.04736328     0.00000000
  4152.00244141     0.00000000
  4152.95996094     0.00000000
  4153.91552734     0.00000000
  4154.87304688     0.00000000
  4155.82910156     0.00000000
  4156.78515625     0.00000000
  4157.74365234     0.00000000
  4158.70019531     0.00000000
  4159.65869141     0.00000000
  4160.61572266     0.00000000
  4161.57568359     0.00000000
  4162.53271484     0.00000000
  4163.49023438     0.00000000
  4164.45068359     0.00000000
  4165.40869141     0.00000000
  4166.36914063     0.00000000
  4167.32763672     0.00000000
  4168.28857422     0.00000000
  4169.24707031     0.00000000
  4170.20654297     0.00000000
  4171.16845703     0.00000000
  4172.12792969     0.00000000
  4173.08984375     0.00000000
  4174.04980469     0.00000000
  4175.01220703     0.00000000
  4175.97265625     0.00000000
  4176.93359375     0.00000000
  4177.89648438     0.00000000
  4178.85791016     0.00000000
  4179.82128906     0.00000000
  4180.78320313     0.00000000
  4181.74707031     0.00000000
  4182.70898438     0.00000000
  4183.67138672     0.00000000
  4184.63574219     0.00000000
  4185.59863281     0.00000000
  4186.56396484     0.00000000
  4187.52734375     0.00000000
  4188.49267578     0.00000000
  4189.45605469     0.00000000
  4190.41992188     0.00000000
  4191.38623047     0.00000000
  4192.35058594     0.00000000
  4193.31738281     0.00000000
  4194.28173828     0.00000000
  4195.24902344     0.00000000
  4196.21435547     0.00000000
  4197.17919922     0.00000000
  4198.14746094     0.00000000
  4199.11328125     0.00000000
  4200.08154297     0.00000000
  4201.04785156     0.00000000
  4202.01660156     0.00000000
  4202.98339844     0.00000000
  4203.95019531     0.00000000
  4204.91943359     0.00000000
  4205.88671875     0.00000000
  4206.85644531     0.00000000
  4207.82421875     0.00000000
  4208.79492188     0.00000000
  4209.76269531     0.00000000
  4210.73144531     0.00000000
  4211.70263672     0.00000000
  4212.67138672     0.00000000
  4213.64257813     0.00000000
  4214.61230469     0.00000000
  4215.58398438     0.00000000
  4216.55371094     0.00000000
  4217.52392578     0.00000000
  4218.49609375     0.00000000
  4219.46679688     0.00000000
  4220.43994141     0.00000000
  4221.41064453     0.00000000
  4222.38427734     0.00000000
  4223.35546875     0.00000000
  4224.32714844     0.00000000
  4225.30126953     0.00000000
  4226.27343750     0.00000000
  4227.24755859     0.00000000
  4228.22021484     0.00000000
  4229.19531250     0.00000000
  4230.16796875     0.00000000
  4231.14355469     0.00000000
  4232.11718750     0.00000000
  4233.09033203     0.00000000
  4234.06689453     0.00000000
  4235.04101563     0.00000000
  4236.01708984     0.00000000
  4236.99218750     0.00000000
  4237.96875000     0.00000000
  4238.94384766     0.00000000
  4239.91894531     0.00000000
  4240.89697266     0.00000000
  4241.87255859     0.00000000
  4242.85058594     0.00000000
  4243.82666016     0.00000000
  4244.80517578     0.00000000
  4245.78173828     0.00000000
  4246.75878906     0.00000000
  4247.73779297     0.00000000
  4248.71484375     0.00000000
  4249.69482422     0.00000000
  4250.67236328     0.00000000
  4251.65283203     0.00000000
  4252.63085938     0.00000000
  4253.60888672     0.00000000
  4254.58984375     0.00000000
  4255.56835938     0.00000000
  4256.54980469     0.00000000
  4257.52929688     0.00000000
  4258.51074219     0.00000000
  4259.49023438     0.00000000
  4260.47070313     0.00000000
  4261.45312500     0.00000000
  4262.43310547     0.00000000
  4263.41601563     0.00000000
  4264.39697266     0.00000000
  4265.38037109     0.00000000
  4266.36132813     0.00000000
  4267.34326172     0.00000000
  4268.32714844     0.00000000
  4269.30908203     0.00000000
  4270.29345703     0.00000000
  4271.27587891     0.00000000
  4272.26074219     0.00000000
  4273.24365234     0.00000000
  4274.22656250     0.00000000
  4275.21240234     0.00000000
  4276.19580078     0.00000000
  4277.18164063     0.00000000
  4278.16601563     0.00000000
  4279.15234375     0.00000000
  4280.13671875     0.00000000
  4281.12158203     0.00000000
  4282.10888672     0.00000000
  4283.09375000     0.00000000
  4284.08105469     0.00000000
  4285.06689453     0.00000000
  4286.05517578     0.00000000
  4287.04101563     0.00000000
  4288.02734375     0.00000000
  4289.01611328     0.00000000
  4290.00292969     0.00000000
  4290.99218750     0.00000000
  4291.97949219     0.00000000
  4292.96923828     0.00000000
  4293.95654297     0.00000000
  4294.94433594     0.00000000
  4295.93505859     0.00000000
  4296.92285156     0.00000000
  4297.91357422     0.00000000
  4298.90283203     0.00000000
  4299.89404297     0.00000000
  4300.88330078     0.00000000
  4301.87255859     0.00000000
  4302.86474609     0.00000000
  4303.85449219     0.00000000
  4304.84667969     0.00000000
  4305.83740234     0.00000000
  4306.83007813     0.00000000
  4307.82080078     0.00000000
  4308.81396484     0.00000000
  4309.80566406     0.00000000
  4310.79687500     0.00000000
  4311.79101563     0.00000000
  4312.78320313     0.00000000
  4313.77734375     0.00000000
  4314.77001953     0.00000000
  4315.76513672     0.00000000
  4316.75732422     0.00000000
  4317.75097656     0.00000000
  4318.74658203     0.00000000
  4319.73974609     0.00000000
  4320.73632813     0.00000000
  4321.72998047     0.00000000
  4322.72656250     0.00000000
  4323.72070313     0.00000000
  4324.71582031     0.00000000
  4325.71289063     0.00000000
  4326.70800781     0.00000000
  4327.70556641     0.00000000
  4328.70166016     0.00000000
  4329.69970703     0.00000000
  4330.69580078     0.00000000
  4331.69189453     0.00000000
  4332.69091797     0.00000000
  4333.68750000     0.00000000
  4334.68701172     0.00000000
  4335.68408203     0.00000000
  4336.68408203     0.00000000
  4337.68164063     0.00000000
  4338.67919922     0.00000000
  4339.67968750     0.00000000
  4340.67822266     0.00000000
  4341.67919922     0.00000000
  4342.67822266     0.00000000
  4343.67919922     0.00000000
  4344.67871094     0.00000000
  4345.67822266     0.00000000
  4346.68017578     0.00000000
  4347.68017578     0.00000000
  4348.68261719     0.00000000
  4349.68310547     0.00000000
  4350.68603516     0.00000000
  4351.68701172     0.00000000
  4352.68798828     0.00000000
  4353.69189453     0.00000000
  4354.69335938     0.00000000
  4355.69726563     0.00000000
  4356.69970703     0.00000000
  4357.70410156     0.00000000
  4358.70703125     0.00000000
  4359.70947266     0.00000000
  4360.71484375     0.00000000
  4361.71777344     0.00000000
  4362.72363281     0.00000000
  4363.72753906     0.00000000
  4364.73339844     0.00000000
  4365.73779297     0.00000000
  4366.74218750     0.00000000
  4367.74902344     0.00000000
  4368.75390625     0.00000000
  4369.76123047     0.00000000
  4370.76660156     0.00000000
  4371.77441406     0.00000000
  4372.78027344     0.00000000
  4373.78613281     0.00000000
  4374.79492188     0.00000000
  4375.80126953     0.00000000
  4376.81005859     0.00000000
  4377.81689453     0.00000000
  4378.82666016     0.00000000
  4379.83398438     0.00000000
  4380.84130859     0.00000000
  4381.85156250     0.00000000
  4382.85986328     0.00000000
  4383.87011719     0.00000000
  4384.87890625     0.00000000
  4385.89013672     0.00000000
  4386.89892578     0.00000000
  4387.91064453     0.00000000
  4388.91992188     0.00000000
  4389.92968750     0.00000000
  4390.94189453     0.00000000
  4391.95214844     0.00000000
  4392.96484375     0.00000000
  4393.97558594     0.00000000
  4394.98876953     0.00000000
  4396.00000000     0.00000000
  4397.01123047     0.00000000
  4398.02490234     0.00000000
  4399.03710938     0.00000000
  4400.05126953     0.00000000
  4401.06347656     0.00000000
  4402.07812500     0.00000000
  4403.09130859     0.00000000
  4404.10400391     0.00000000
  4405.11962891     0.00000000
  4406.13281250     0.00000000
  4407.14892578     0.00000000
  4408.16259766     0.00000000
  4409.17919922     0.00000000
  4410.19384766     0.00000000
  4411.20849609     0.00000000
  4412.22558594     0.00000000
  4413.24072266     0.00000000
  4414.25830078     0.00000000
  4415.27343750     0.00000000
  4416.29150391     0.00000000
  4417.30761719     0.00000000
  4418.32373047     0.00000000
  4419.34277344     0.00000000
  4420.35937500     0.00000000
  4421.37890625     0.00000000
  4422.39599609     0.00000000
  4423.41552734     0.00000000
  4424.43310547     0.00000000
  4425.45117188     0.00000000
  4426.47167969     0.00000000
  4427.49023438     0.00000000
  4428.51123047     0.00000000
  4429.52978516     0.00000000
  4430.55126953     0.00000000
  4431.57031250     0.00000000
  4432.58984375     0.00000000
  4433.61181641     0.00000000
  4434.63183594     0.00000000
  4435.65478516     0.00000000
  4436.67480469     0.00000000
  4437.69824219     0.00000000
  4438.71923828     0.00000000
  4439.73974609     0.00000000
  4440.76367188     0.00000000
  4441.78515625     0.00000000
  4442.80957031     0.00000000
  4443.83154297     0.00000000
  4444.85644531     0.00000000
  4445.87890625     0.00000000
  4446.90185547     0.00000000
  4447.92724609     0.00000000
  4448.95068359     0.00000000
  4449.97607422     0.00000000
  4451.00000000     0.00000000
  4452.02685547     0.00000000
  4453.05078125     0.00000000
  4454.07519531     0.00000000
  4455.10205078     0.00000000
  4456.12744141     0.00000000
  4457.15478516     0.00000000
  4458.18017578     0.00000000
  4459.20800781     0.00000000
  4460.23388672     0.00000000
  4461.26025391     0.00000000
  4462.28906250     0.00000000
  4463.31494141     0.00000000
  4464.34472656     0.00000000
  4465.37158203     0.00000000
  4466.40136719     0.00000000
  4467.42871094     0.00000000
  4468.45898438     0.00000000
  4469.48681641     0.00000000
  4470.51513672     0.00000000
  4471.54589844     0.00000000
  4472.57470703     0.00000000
  4473.60595703     0.00000000
  4474.63525391     0.00000000
  4475.66699219     0.00000000
  4476.69677734     0.00000000
  4477.72656250     0.00000000
  4478.75878906     0.00000000
  4479.78955078     0.00000000
  4480.82226563     0.00000000
  4481.85351563     0.00000000
  4482.88671875     0.00000000
  4483.91796875     0.00000000
  4484.94970703     0.00000000
  4485.98388672     0.00000000
  4487.01562500     0.00000000
  4488.05078125     0.00000000
  4489.08300781     0.00000000
  4490.11816406     0.00000000
  4491.15087891     0.00000000
  4492.18408203     0.00000000
  4493.22021484     0.00000000
  4494.25390625     0.00000000
  4495.29003906     0.00000000
  4496.32421875     0.00000000
  4497.36132813     0.00000000
  4498.39550781     0.00000000
  4499.43066406     0.00000000
  4500.46826172     0.00000000
  4501.50341797     0.00000000
  4502.54150391     0.00000000
  4503.57714844     0.00000000
  4504.61572266     0.00000000
  4505.65234375     0.00000000
  4506.68847656     0.00000000
  4507.72802734     0.00000000
  4508.76464844     0.00000000
  4509.80468750     0.00000000
  4510.84228516     0.00000000
  4511.88232422     0.00000000
  4512.92041016     0.00000000
  4513.95849609     0.00000000
  4514.99902344     0.00000000
  4516.03808594     0.00000000
  4517.07910156     0.00000000
  4518.11865234     0.00000000
  4519.16015625     0.00000000
  4520.20019531     0.00000000
  4521.23974609     0.00000000
  4522.28222656     0.00000000
  4523.32275391     0.00000000
  4524.36572266     0.00000000
  4525.40673828     0.00000000
  4526.45019531     0.00000000
  4527.49121094     0.00000000
  4528.53320313     0.00000000
  4529.57763672     0.00000000
  4530.61962891     0.00000000
  4531.66406250     0.00000000
  4532.70654297     0.00000000
  4533.75195313     0.00000000
  4534.79492188     0.00000000
  4535.83789063     0.00000000
  4536.88427734     0.00000000
  4537.92773438     0.00000000
  4538.97412109     0.00000000
  4540.01806641     0.00000000
  4541.06542969     0.00000000
  4542.10986328     0.00000000
  4543.15722656     0.00000000
  4544.20263672     0.00000000
  4545.24755859     0.00000000
  4546.29589844     0.00000000
  4547.34179688     0.00000000
  4548.39062500     0.00000000
  4549.43652344     0.00000000
  4550.48583984     0.00000000
  4551.53271484     0.00000000
  4552.58007813     0.00000000
  4553.62939453     0.00000000
  4554.67724609     0.00000000
  4555.72753906     0.00000000
  4556.77539063     0.00000000
  4557.82617188     0.00000000
  4558.87500000     0.00000000
  4559.92333984     0.00000000
  4560.97509766     0.00000000
  4562.02441406     0.00000000
  4563.07666016     0.00000000
  4564.12597656     0.00000000
  4565.17871094     0.00000000
  4566.22900391     0.00000000
  4567.27880859     0.00000000
  4568.33251953     0.00000000
  4569.38330078     0.00000000
  4570.43701172     0.00000000
  4571.48876953     0.00000000
  4572.54248047     0.00000000
  4573.59423828     0.00000000
  4574.64648438     0.00000000
  4575.70166016     0.00000000
  4576.75439453     0.00000000
  4577.80957031     0.00000000
  4578.86279297     0.00000000
  4579.91845703     0.00000000
  4580.97216797     0.00000000
  4582.02587891     0.00000000
  4583.08251953     0.00000000
  4584.13671875     0.00000000
  4585.19433594     0.00000000
  4586.24902344     0.00000000
  4587.30664063     0.00000000
  4588.36181641     0.00000000
  4589.41748047     0.00000000
  4590.47558594     0.00000000
  4591.53173828     0.00000000
  4592.59082031     0.00000000
  4593.64697266     0.00000000
  4594.70605469     0.00000000
  4595.76318359     0.00000000
  4596.82080078     0.00000000
  4597.88037109     0.00000000
  4598.93847656     0.00000000
  4599.99853516     0.00000000
  4601.05664063     0.00000000
  4602.11816406     0.00000000
  4603.17675781     0.00000000
  4604.23583984     0.00000000
  4605.29736328     0.00000000
  4606.35693359     0.00000000
  4607.41943359     0.00000000
  4608.47900391     0.00000000
  4609.54150391     0.00000000
  4610.60205078     0.00000000
  4611.66259766     0.00000000
  4612.72607422     0.00000000
  4613.78759766     0.00000000
  4614.85107422     0.00000000
  4615.91308594     0.00000000
  4616.97753906     0.00000000
  4618.03955078     0.00000000
  4619.10156250     0.00000000
  4620.16699219     0.00000000
  4621.22998047     0.00000000
  4622.29541016     0.00000000
  4623.35888672     0.00000000
  4624.42529297     0.00000000
  4625.48876953     0.00000000
  4626.55566406     0.00000000
  4627.61962891     0.00000000
  4628.68457031     0.00000000
  4629.75146484     0.00000000
  4630.81689453     0.00000000
  4631.88476563     0.00000000
  4632.95019531     0.00000000
  4634.01855469     0.00000000
  4635.08447266     0.00000000
  4636.15087891     0.00000000
  4637.22021484     0.00000000
  4638.28710938     0.00000000
  4639.35644531     0.00000000
  4640.42382813     0.00000000
  4641.49365234     0.00000000
  4642.56152344     0.00000000
  4643.62939453     0.00000000
  4644.70019531     0.00000000
  4645.76904297     0.00000000
  4646.84033203     0.00000000
  4647.90917969     0.00000000
  4648.98095703     0.00000000
  4650.05029297     0.00000000
  4651.12011719     0.00000000
  4652.19287109     0.00000000
  4653.26318359     0.00000000
  4654.33593750     0.00000000
  4655.40673828     0.00000000
  4656.47998047     0.00000000
  4657.55175781     0.00000000
  4658.62304688     0.00000000
  4659.69726563     0.00000000
  4660.76904297     0.00000000
  4661.84375000     0.00000000
  4662.91601563     0.00000000
  4663.99169922     0.00000000
  4665.06445313     0.00000000
  4666.13769531     0.00000000
  4667.21337891     0.00000000
  4668.28759766     0.00000000
  4669.36376953     0.00000000
  4670.43798828     0.00000000
  4671.51513672     0.00000000
  4672.58984375     0.00000000
  4673.66455078     0.00000000
  4674.74218750     0.00000000
  4675.81787109     0.00000000
  4676.89599609     0.00000000
  4677.97167969     0.00000000
  4679.05078125     0.00000000
  4680.12744141     0.00000000
  4681.20410156     0.00000000
  4682.28320313     0.00000000
  4683.36035156     0.00000000
  4684.44042969     0.00000000
  4685.51806641     0.00000000
  4686.59863281     0.00000000
  4687.67675781     0.00000000
  4688.75488281     0.00000000
  4689.83642578     0.00000000
  4690.91503906     0.00000000
  4691.99707031     0.00000000
  4693.07617188     0.00000000
  4694.15869141     0.00000000
  4695.23828125     0.00000000
  4696.31835938     0.00000000
  4697.40136719     0.00000000
  4698.48193359     0.00000000
  4699.56591797     0.00000000
  4700.64697266     0.00000000
  4701.73095703     0.00000000
  4702.81201172     0.00000000
  4703.89404297     0.00000000
  4704.97900391     0.00000000
  4706.06103516     0.00000000
  4707.14648438     0.00000000
  4708.22900391     0.00000000
  4709.31494141     0.00000000
  4710.39843750     0.00000000
  4711.48437500     0.00000000
  4712.56835938     0.00000000
  4713.65283203     0.00000000
  4714.73974609     0.00000000
  4715.82421875     0.00000000
  4716.91162109     0.00000000
  4717.99658203     0.00000000
  4719.08496094     0.00000000
  4720.17041016     0.00000000
  4721.25634766     0.00000000
  4722.34472656     0.00000000
  4723.43115234     0.00000000
  4724.52050781     0.00000000
  4725.60742188     0.00000000
  4726.69726563     0.00000000
  4727.78466797     0.00000000
  4728.87207031     0.00000000
  4729.96240234     0.00000000
  4731.05078125     0.00000000
  4732.14160156     0.00000000
  4733.22998047     0.00000000
  4734.32177734     0.00000000
  4735.41113281     0.00000000
  4736.50048828     0.00000000
  4737.59228516     0.00000000
  4738.68212891     0.00000000
  4739.77490234     0.00000000
  4740.86523438     0.00000000
  4741.95898438     0.00000000
  4743.04931641     0.00000000
  4744.14062500     0.00000000
  4745.23437500     0.00000000
  4746.32617188     0.00000000
  4747.42089844     0.00000000
  4748.51318359     0.00000000
  4749.60791016     0.00000000
  4750.70019531     0.00000000
  4751.79345703     0.00000000
  4752.88916016     0.00000000
  4753.98242188     0.00000000
  4755.07861328     0.00000000
  4756.17285156     0.00000000
  4757.26953125     0.00000000
  4758.36425781     0.00000000
  4759.45849609     0.00000000
  4760.55615234     0.00000000
  4761.65136719     0.00000000
  4762.74951172     0.00000000
  4763.84472656     0.00000000
  4764.94335938     0.00000000
  4766.03955078     0.00000000
  4767.13623047     0.00000000
  4768.23535156     0.00000000
  4769.33251953     0.00000000
  4770.43212891     0.00000000
  4771.52978516     0.00000000
  4772.62988281     0.00000000
  4773.72802734     0.00000000
  4774.82617188     0.00000000
  4775.92675781     0.00000000
  4777.02587891     0.00000000
  4778.12744141     0.00000000
  4779.22656250     0.00000000
  4780.32861328     0.00000000
  4781.42822266     0.00000000
  4782.52832031     0.00000000
  4783.63134766     0.00000000
  4784.73144531     0.00000000
  4785.83496094     0.00000000
  4786.93603516     0.00000000
  4788.03955078     0.00000000
  4789.14111328     0.00000000
  4790.24316406     0.00000000
  4791.34716797     0.00000000
  4792.44970703     0.00000000
  4793.55517578     0.00000000
  4794.65771484     0.00000000
  4795.76318359     0.00000000
  4796.86669922     0.00000000
  4797.97265625     0.00000000
  4799.07666016     0.00000000
  4800.18066406     0.00000000
  4801.28710938     0.00000000
  4802.39208984     0.00000000
  4803.49951172     0.00000000
  4804.60449219     0.00000000
  4805.71240234     0.00000000
  4806.81787109     0.00000000
  4807.92382813     0.00000000
  4809.03271484     0.00000000
  4810.13867188     0.00000000
  4811.24804688     0.00000000
  4812.35449219     0.00000000
  4813.46435547     0.00000000
  4814.57177734     0.00000000
  4815.67919922     0.00000000
  4816.78955078     0.00000000
  4817.89794922     0.00000000
  4819.00878906     0.00000000
  4820.11767578     0.00000000
  4821.22900391     0.00000000
  4822.33837891     0.00000000
  4823.44726563     0.00000000
  4824.55957031     0.00000000
  4825.66943359     0.00000000
  4826.78271484     0.00000000
  4827.89306641     0.00000000
  4829.00634766     0.00000000
  4830.11718750     0.00000000
  4831.22851563     0.00000000
  4832.34228516     0.00000000
  4833.45361328     0.00000000
  4834.56884766     0.00000000
  4835.68066406     0.00000000
  4836.79589844     0.00000000
  4837.90820313     0.00000000
  4839.02148438     0.00000000
  4840.13769531     0.00000000
  4841.25048828     0.00000000
  4842.36718750     0.00000000
  4843.48144531     0.00000000
  4844.59814453     0.00000000
  4845.71240234     0.00000000
  4846.82714844     0.00000000
  4847.94482422     0.00000000
  4849.06005859     0.00000000
  4850.17871094     0.00000000
  4851.29443359     0.00000000
  4852.41308594     0.00000000
  4853.52929688     0.00000000
  4854.64550781     0.00000000
  4855.76513672     0.00000000
  4856.88232422     0.00000000
  4858.00244141     0.00000000
  4859.11962891     0.00000000
  4860.24023438     0.00000000
  4861.35839844     0.00000000
  4862.47705078     0.00000000
  4863.59814453     0.00000000
  4864.71679688     0.00000000
  4865.83886719     0.00000000
  4866.95849609     0.00000000
  4868.08056641     0.00000000
  4869.20019531     0.00000000
  4870.32031250     0.00000000
  4871.44384766     0.00000000
  4872.56445313     0.00000000
  4873.68798828     0.00000000
  4874.80908203     0.00000000
  4875.93310547     0.00000000
  4877.05468750     0.00000000
  4878.17675781     0.00000000
  4879.30175781     0.00000000
  4880.42431641     0.00000000
  4881.54980469     0.00000000
  4882.67285156     0.00000000
  4883.79833984     0.00000000
  4884.92236328     0.00000000
  4886.04882813     0.00000000
  4887.17236328     0.00000000
  4888.29687500     0.00000000
  4889.42382813     0.00000000
  4890.54882813     0.00000000
  4891.67675781     0.00000000
  4892.80175781     0.00000000
  4893.93017578     0.00000000
  4895.05615234     0.00000000
  4896.18212891     0.00000000
  4897.31103516     0.00000000
  4898.43798828     0.00000000
  4899.56738281     0.00000000
  4900.69433594     0.00000000
  4901.82421875     0.00000000
  4902.95214844     0.00000000
  4904.08007813     0.00000000
  4905.21093750     0.00000000
  4906.33935547     0.00000000
  4907.47070313     0.00000000
  4908.59960938     0.00000000
  4909.73193359     0.00000000
  4910.86132813     0.00000000
  4911.99072266     0.00000000
  4913.12353516     0.00000000
  4914.25390625     0.00000000
  4915.38720703     0.00000000
  4916.51806641     0.00000000
  4917.65185547     0.00000000
  4918.78271484     0.00000000
  4919.91455078     0.00000000
  4921.04882813     0.00000000
  4922.18115234     0.00000000
  4923.31640625     0.00000000
  4924.44873047     0.00000000
  4925.58447266     0.00000000
  4926.71728516     0.00000000
  4927.85058594     0.00000000
  4928.98681641     0.00000000
  4930.12109375     0.00000000
  4931.25781250     0.00000000
  4932.39208984     0.00000000
  4933.52978516     0.00000000
  4934.66503906     0.00000000
  4935.79980469     0.00000000
  4936.93847656     0.00000000
  4938.07373047     0.00000000
  4939.21289063     0.00000000
  4940.34912109     0.00000000
  4941.48779297     0.00000000
  4942.62500000     0.00000000
  4943.76171875     0.00000000
  4944.90185547     0.00000000
  4946.03955078     0.00000000
  4947.18017578     0.00000000
  4948.31787109     0.00000000
  4949.45898438     0.00000000
  4950.59765625     0.00000000
  4951.73681641     0.00000000
  4952.87841797     0.00000000
  4954.01806641     0.00000000
  4955.16064453     0.00000000
  4956.30029297     0.00000000
  4957.44287109     0.00000000
  4958.58349609     0.00000000
  4959.72460938     0.00000000
  4960.86816406     0.00000000
  4962.00927734     0.00000000
  4963.15380859     0.00000000
  4964.29541016     0.00000000
  4965.43994141     0.00000000
  4966.58203125     0.00000000
  4967.72460938     0.00000000
  4968.87060547     0.00000000
  4970.01367188     0.00000000
  4971.15966797     0.00000000
  4972.30322266     0.00000000
  4973.44970703     0.00000000
  4974.59375000     0.00000000
  4975.74121094     0.00000000
  4976.88574219     0.00000000
  4978.03076172     0.00000000
  4979.17871094     0.00000000
  4980.32421875     0.00000000
  4981.47265625     0.00000000
  4982.61865234     0.00000000
  4983.76757813     0.00000000
  4984.91406250     0.00000000
  4986.06054688     0.00000000
  4987.21044922     0.00000000
  4988.35791016     0.00000000
  4989.50830078     0.00000000
  4990.65625000     0.00000000
  4991.80664063     0.00000000
  4992.95507813     0.00000000
  4994.10400391     0.00000000
  4995.25537109     0.00000000
  4996.40429688     0.00000000
  4997.55664063     0.00000000
  4998.70654297     0.00000000
  4999.85937500     0.00000000
  5001.00927734     0.00000000
  5002.15966797     0.00000000
  5003.31347656     0.00000000
  5004.46435547     0.00000000
  5005.61816406     0.00000000
  5006.77001953     0.00000000
  5007.92431641     0.00000000
  5009.07666016     0.00000000
  5010.22851563     0.00000000
  5011.38427734     0.00000000
  5012.53662109     0.00000000
  5013.69287109     0.00000000
  5014.84619141     0.00000000
  5016.00244141     0.00000000
  5017.15673828     0.00000000
  5018.31054688     0.00000000
  5019.46826172     0.00000000
  5020.62255859     0.00000000
  5021.78076172     0.00000000
  5022.93554688     0.00000000
  5024.09423828     0.00000000
  5025.25000000     0.00000000
  5026.40576172     0.00000000
  5027.56494141     0.00000000
  5028.72167969     0.00000000
  5029.88134766     0.00000000
  5031.03808594     0.00000000
  5032.19824219     0.00000000
  5033.35595703     0.00000000
  5034.51416016     0.00000000
  5035.67480469     0.00000000
  5036.83349609     0.00000000
  5037.99511719     0.00000000
  5039.15380859     0.00000000
  5040.31591797     0.00000000
  5041.47558594     0.00000000
  5042.63525391     0.00000000
  5043.79785156     0.00000000
  5044.95800781     0.00000000
  5046.12158203     0.00000000
  5047.28222656     0.00000000
  5048.44628906     0.00000000
  5049.60791016     0.00000000
  5050.76904297     0.00000000
  5051.93408203     0.00000000
  5053.09619141     0.00000000
  5054.26171875     0.00000000
  5055.42431641     0.00000000
  5056.58984375     0.00000000
  5057.75341797     0.00000000
  5058.91699219     0.00000000
  5060.08300781     0.00000000
  5061.24755859     0.00000000
  5062.41455078     0.00000000
  5063.57910156     0.00000000
  5064.74658203     0.00000000
  5065.91210938     0.00000000
  5067.08007813     0.00000000
  5068.24560547     0.00000000
  5069.41162109     0.00000000
  5070.58056641     0.00000000
  5071.74707031     0.00000000
  5072.91699219     0.00000000
  5074.08349609     0.00000000
  5075.25390625     0.00000000
  5076.42138672     0.00000000
  5077.58935547     0.00000000
  5078.76025391     0.00000000
  5079.92822266     0.00000000
  5081.10009766     0.00000000
  5082.26904297     0.00000000
  5083.44091797     0.00000000
  5084.61035156     0.00000000
  5085.77978516     0.00000000
  5086.95263672     0.00000000
  5088.12304688     0.00000000
  5089.29638672     0.00000000
  5090.46728516     0.00000000
  5091.64111328     0.00000000
  5092.81201172     0.00000000
  5093.98388672     0.00000000
  5095.15820313     0.00000000
  5096.33056641     0.00000000
  5097.50585938     0.00000000
  5098.67871094     0.00000000
  5099.85400391     0.00000000
  5101.02734375     0.00000000
  5102.20117188     0.00000000
  5103.37744141     0.00000000
  5104.55126953     0.00000000
  5105.72851563     0.00000000
  5106.90332031     0.00000000
  5108.08056641     0.00000000
  5109.25585938     0.00000000
  5110.43115234     0.00000000
  5111.60986328     0.00000000
  5112.78564453     0.00000000
  5113.96435547     0.00000000
  5115.14111328     0.00000000
  5116.32031250     0.00000000
  5117.49755859     0.00000000
  5118.67480469     0.00000000
  5119.85546875     0.00000000
  5121.03320313     0.00000000
  5122.21386719     0.00000000
  5123.39208984     0.00000000
  5124.57373047     0.00000000
  5125.75244141     0.00000000
  5126.93164063     0.00000000
  5128.11425781     0.00000000
  5129.29394531     0.00000000
  5130.47656250     0.00000000
  5131.65673828     0.00000000
  5132.84033203     0.00000000
  5134.02099609     0.00000000
  5135.20214844     0.00000000
  5136.38623047     0.00000000
  5137.56787109     0.00000000
  5138.75244141     0.00000000
  5139.93457031     0.00000000
  5141.12011719     0.00000000
  5142.30273438     0.00000000
  5143.48583984     0.00000001
  5144.67187500     0.00000001
  5145.85546875     0.00000003
  5147.04199219     0.00000006
  5148.22607422     0.00000014
  5149.41308594     0.00000031
  5150.59814453     0.00000068
  5151.78271484     0.00000143
  5152.97070313     0.00000297
  5154.15625000     0.00000603
  5155.34472656     0.00001205
  5156.53076172     0.00002358
  5157.71972656     0.00004535
  5158.90625000     0.00008545
  5160.09570313     0.00015819
  5161.28271484     0.00028692
  5162.47021484     0.00051066
  5163.66113281     0.00089299
  5164.84863281     0.00152944
  5166.03955078     0.00257350
  5167.22802734     0.00424330
  5168.41992188     0.00687273
  5169.60888672     0.01090643
  5170.79785156     0.01697802
  5171.99023438     0.02595732
  5173.18017578     0.03889420
  5174.37304688     0.05722014
  5175.56347656     0.08250732
  5176.75683594     0.11679587
  5177.94775391     0.16205756
  5179.13916016     0.22059135
  5180.33349609     0.29472950
  5181.52490234     0.38597301
  5182.71972656     0.49614379
  5183.91210938     0.62521666
  5185.10742188     0.77316636
  5186.30029297     0.93737864
  5187.49365234     1.11476445
  5188.68945313     1.30067647
  5189.88330078     1.48806655
  5191.08007813     1.67021084
  5192.27392578     1.83810723
  5193.47167969     1.98449206
  5194.66650391     2.10091114
  5195.86132813     2.18142104
  5197.05957031     2.22156262
  5198.25488281     2.21883059
  5199.45410156     2.17337203
  5200.64990234     2.08813453
  5201.84912109     1.96759295
  5203.04589844     1.81906271
  5204.24267578     1.65034068
  5205.44287109     1.46953082
  5206.64013672     1.28624463
  5207.84130859     1.10760856
  5209.03906250     0.94194359
  5210.24023438     0.79439855
  5211.43896484     0.67055535
  5212.63769531     0.57374012
  5213.83984375     0.50640774
  5215.03906250     0.47066680
  5216.24169922     0.46737051
  5217.44189453     0.49697593
  5218.64501953     0.55942637
  5219.84570313     0.65356135
  5221.04638672     0.77772027
  5222.25048828     0.92955983
  5223.45166016     1.10421860
  5224.65625000     1.29714155
  5225.85839844     1.50051832
  5227.06298828     1.70698762
  5228.26562500     1.90667713
  5229.46826172     2.09035802
  5230.67431641     2.24904442
  5231.87744141     2.37334728
  5233.08398438     2.45691252
  5234.28808594     2.49449897
  5235.49511719     2.48407650
  5236.69921875     2.42635894
  5237.90380859     2.32475567
  5239.11181641     2.18471956
  5240.31738281     2.01473022
  5241.52587891     1.82316232
  5242.73144531     1.62060893
  5243.94042969     1.41553581
  5245.14697266     1.21768916
  5246.35595703     1.03383613
  5247.56298828     0.87074310
  5248.77050781     0.73260242
  5249.98046875     0.62241954
  5251.18847656     0.54253489
  5252.39941406     0.49367160
  5253.60791016     0.47646540
  5254.81933594     0.49092835
  5256.02783203     0.53692806
  5257.23730469     0.61443472
  5258.44921875     0.72350442
  5259.65917969     0.86337054
  5260.87207031     1.03376853
  5262.08203125     1.23221183
  5263.29541016     1.45693517
  5264.50634766     1.70260012
  5265.71777344     1.96377552
  5266.93164063     2.23318338
  5268.14355469     2.50047874
  5269.35839844     2.75605631
  5270.57031250     2.98734045
  5271.78564453     3.18420839
  5272.99853516     3.33530712
  5274.21191406     3.43256235
  5275.42773438     3.46996641
  5276.64160156     3.44457650
  5277.85839844     3.35694814
  5279.07275391     3.21165466
  5280.29003906     3.01541495
  5281.50439453     2.77907252
  5282.71972656     2.51356053
  5283.93750000     2.23084784
  5285.15332031     1.94420993
  5286.37158203     1.66398776
  5287.58837891     1.40094543
  5288.80761719     1.16229367
  5290.02392578     0.95514095
  5291.24121094     0.78301901
  5292.46093750     0.64865249
  5293.67871094     0.55422926
  5294.89990234     0.50040042
  5296.11767578     0.48812506
  5297.33886719     0.51788872
  5298.55761719     0.59011447
  5299.77636719     0.70518500
  5300.99853516     0.86353886
  5302.21826172     1.06356013
  5303.44042969     1.30380929
  5304.66064453     1.57940924
  5305.88427734     1.88538957
  5307.10449219     2.21143389
  5308.32568359     2.54771709
  5309.54980469     2.88184690
  5310.77099609     3.19792509
  5311.99560547     3.48277378
  5313.21777344     3.72082829
  5314.44335938     3.90070677
  5315.66552734     4.01178932
  5316.88818359     4.04871702
  5318.11425781     4.00944233
  5319.33789063     3.89662457
  5320.56445313     3.71638656
  5321.78857422     3.47956729
  5323.01611328     3.19762230
  5324.24023438     2.88614702
  5325.46484375     2.55854273
  5326.69335938     2.22738314
  5327.91894531     1.90641522
  5329.14746094     1.60379517
  5330.37353516     1.32795775
  5331.60253906     1.08222473
  5332.82861328     0.86986279
  5334.05566406     0.69017452
  5335.28564453     0.54151219
  5336.51318359     0.42195085
  5337.74316406     0.32781243
  5338.97119141     0.25605777
  5340.20214844     0.20314753
  5341.43115234     0.16637692
  5342.66259766     0.14313677
  5343.89160156     0.13152863
  5345.12158203     0.12996218
  5346.35400391     0.13730222
  5347.58398438     0.15259360
  5348.81689453     0.17509179
  5350.04785156     0.20388258
  5351.28125000     0.23810227
  5352.51220703     0.27642977
  5353.74365234     0.31749976
  5354.97851563     0.35970902
  5356.20996094     0.40090615
  5357.44482422     0.43928030
  5358.67773438     0.47263765
  5359.91357422     0.49923870
  5361.14648438     0.51741076
  5362.37988281     0.52612853
  5363.61621094     0.52480990
  5364.85009766     0.51348746
  5366.08740234     0.49271622
  5367.32177734     0.46373996
  5368.55908203     0.42798418
  5369.79443359     0.38741580
  5371.02929688     0.34394786
  5372.26806641     0.29933104
  5373.50439453     0.25553325
  5374.74365234     0.21383344
  5375.97949219     0.17556541
  5377.21972656     0.14125055
  5378.45605469     0.11152347
  5379.69384766     0.08633158
  5380.93408203     0.06551255
  5382.17236328     0.04879398
  5383.41308594     0.03565305
  5384.65185547     0.02561959
  5385.89355469     0.01813438
  5387.13232422     0.01274629
  5388.37158203     0.00900814
  5389.61474609     0.00656358
  5390.85449219     0.00515109
  5392.09765625     0.00455980
  5393.33789063     0.00465775
  5394.58154297     0.00536717
  5395.82226563     0.00665244
  5397.06396484     0.00851888
  5398.30810547     0.01099808
  5399.55029297     0.01412306
  5400.79492188     0.01795222
  5402.03808594     0.02251878
  5403.28369141     0.02787308
  5404.52685547     0.03401386
  5405.76953125     0.04094741
  5407.01660156     0.04867969
  5408.26025391     0.05711001
  5409.50781250     0.06620336
  5410.75195313     0.07578723
  5411.99951172     0.08575684
  5413.24414063     0.09586537
  5414.48974609     0.10590841
  5415.73876953     0.11563123
  5416.98437500     0.12467670
  5418.23339844     0.13276957
  5419.47949219     0.13954034
  5420.72949219     0.14471163
  5421.97656250     0.14798054
  5423.22412109     0.14915213
  5424.47460938     0.14809501
  5425.72265625     0.14478885
  5426.97363281     0.13930464
  5428.22167969     0.13186303
  5429.47363281     0.12271453
  5430.72314453     0.11227274
  5431.97265625     0.10094041
  5433.22509766     0.08912709
  5434.47509766     0.07730848
  5435.72802734     0.06581919
  5436.97851563     0.05502992
  5438.23242188     0.04513583
  5439.48291016     0.03635205
  5440.73730469     0.02870870
  5441.98925781     0.02225542
  5443.24121094     0.01692646
  5444.49609375     0.01262017
  5445.74853516     0.00923521
  5447.00488281     0.00662194
  5448.25732422     0.00466188
  5449.51416016     0.00321470
  5450.76757813     0.00217623
  5452.02148438     0.00144459
  5453.27880859     0.00093927
  5454.53369141     0.00059938
  5455.79101563     0.00037472
  5457.04638672     0.00022989
  5458.30419922     0.00013815
  5459.56005859     0.00008147
  5460.81640625     0.00004710
  5462.07568359     0.00002667
  5463.33203125     0.00001482
  5464.59179688     0.00000806
  5465.84912109     0.00000431
  5467.10937500     0.00000225
  5468.36718750     0.00000116
  5469.62548828     0.00000058
  5470.88671875     0.00000029
  5472.14453125     0.00000014
  5473.40673828     0.00000007
  5474.66601563     0.00000003
  5475.92871094     0.00000001
  5477.18798828     0.00000001
  5478.44824219     0.00000000
  5479.71142578     0.00000000
  5480.97216797     0.00000000
  5482.23583984     0.00000000
  5483.49707031     0.00000000
  5484.76171875     0.00000000
  5486.02343750     0.00000000
  5487.28564453     0.00000000
  5488.55078125     0.00000000
  5489.81396484     0.00000000
  5491.07958984     0.00000000
  5492.34277344     0.00000000
  5493.60888672     0.00000000
  5494.87304688     0.00000000
  5496.13720703     0.00000000
  5497.40429688     0.00000000
  5498.66943359     0.00000000
  5499.93701172     0.00000000
