  4000.89990234     0.00000000
  4001.82006836     0.00000000
  4002.74316406     0.00000000
  4003.66381836     0.00000000
  4004.58715820     0.00000000
  4005.50830078     0.00000000
  4006.43188477     0.00000000
  4007.35351563     0.00000000
  4008.27563477     0.00000000
  4009.19995117     0.00000000
  4010.12231445     0.00000000
  4011.04687500     0.00000000
  4011.96972656     0.00000000
  4012.89453125     0.00000000
  4013.81787109     0.00000000
  4014.74121094     0.00000000
  4015.66699219     0.00000000
  4016.59106445     0.00000000
  4017.51708984     0.00000000
  4018.44140625     0.00000000
  4019.36791992     0.00000000
  4020.29272461     0.00000000
  4021.21752930     0.00000000
  4022.14477539     0.00000000
  4023.07006836     0.00000000
  4023.99780273     0.00000000
  4024.92333984     0.00000000
  4025.85180664     0.00000000
  4026.77783203     0.00000000
  4027.70410156     0.00000000
  4028.63305664     0.00000000
  4029.55981445     0.00000000
  4030.48901367     0.00000000
  4031.41601563     0.00000000
  4032.34570313     0.00000000
  4033.27343750     0.00000000
  4034.20117188     0.00000000
  4035.13134766     0.00000000
  4036.05981445     0.00000000
  4036.99047852     0.00000000
  4037.91918945     0.00000000
  4038.85034180     0.00000000
  4039.77929688     0.00000000
  4040.70874023     0.00000000
  4041.64038086     0.00000000
  4042.57031250     0.00000000
  4043.50244141     0.00000000
  4044.43261719     0.00000000
  4045.36547852     0.00000000
  4046.29614258     0.00000000
  4047.22680664     0.00000000
  4048.16040039     0.00000000
  4049.09155273     0.00000000
  4050.02514648     0.00000000
  4050.95703125     0.00000000
  4051.89086914     0.00000000
  4052.82299805     0.00000000
  4053.75561523     0.00000000
  4054.69018555     0.00000000
  4055.62304688     0.00000000
  4056.55810547     0.00000000
  4057.49169922     0.00000000
  4058.42724609     0.00000000
  4059.36083984     0.00000000
  4060.29467773     0.00000000
  4061.23071289     0.00000000
  4062.16503906     0.00000000
  4063.10205078     0.00000000
  4064.03662109     0.00000000
  4064.97387695     0.00000000
  4065.90893555     0.00000000
  4066.84423828     0.00000000
  4067.78198242     0.00000000
  4068.71801758     0.00000000
  4069.65600586     0.00000000
  4070.59228516     0.00000000
  4071.53100586     0.00000000
  4072.46752930     0.00000000
  4073.40454102     0.00000000
  4074.34375000     0.00000000
  4075.28100586     0.00000000
  4076.22094727     0.00000000
  4077.15869141     0.00000000
  4078.09863281     0.00000000
  4079.03686523     0.00000000
  4079.97753906     0.00000000
  4080.91625977     0.00000000
  4081.85498047     0.00000000
  4082.79614258     0.00000000
  4083.73559570     0.00000000
  4084.67724609     0.00000000
  4085.61694336     0.00000000
  4086.55908203     0.00000000
  4087.49902344     0.00000000
  4088.43945313     0.00000000
  4089.38208008     0.00000000
  4090.32275391     0.00000000
  4091.26635742     0.00000000
  4092.20727539     0.00000000
  4093.15087891     0.00000000
  4094.09252930     0.00000000
  4095.03442383     0.00000000
  4095.97875977     0.00000000
  4096.92089844     0.00000000
  4097.86572266     0.00000000
  4098.80859375     0.00000000
  4099.75341797     0.00000000
  4100.69677734     0.00000000
  4101.64013672     0.00000000
  4102.58593750     0.00000000
  4103.52978516     0.00000000
  4104.47607422     0.00000000
  4105.42041016     0.00000000
  4106.36718750     0.00000000
  4107.31152344     0.00000000
  4108.25634766     0.00000000
  4109.20410156     0.00000000
  4110.14941406     0.00000000
  4111.09716797     0.00000000
  4112.04296875     0.00000000
  4112.99121094     0.00000000
  4113.93701172     0.00000000
  4114.88378906     0.00000000
  4115.83251953     0.00000000
  4116.77929688     0.00000000
  4117.72851563     0.00000000
  4118.67578125     0.00000000
  4119.62548828     0.00000000
  4120.57324219     0.00000000
  4121.52148438     0.00000000
  4122.47167969     0.00000000
  4123.42041016     0.00000000
  4124.37109375     0.00000000
  4125.31982422     0.00000000
  4126.27099609     0.00000000
  4127.22021484     0.00000000
  4128.16943359     0.00000000
  4129.12158203     0.00000000
  4130.07177734     0.00000000
  4131.02392578     0.00000000
  4131.97460938     0.00000000
  4132.92724609     0.00000000
  4133.87792969     0.00000000
  4134.82910156     0.00000000
  4135.78222656     0.00000000
  4136.73388672     0.00000000
  4137.68798828     0.00000000
  4138.63964844     0.00000000
  4139.59375000     0.00000000
  4140.54638672     0.00000000
  4141.49902344     0.00000000
  4142.45410156     0.00000000
  4143.40673828     0.00000000
  4144.36230469     0.00000000
  4145.31591797     0.00000000
  4146.27148438     0.00000000
  4147.22558594     0.00000000
  4148.17968750     0.00000000
  4149.13574219     0.00000000
  4150.09033203     0.00000000
  4151.04736328     0.00000000
  4152.00244141     0.00000000
  4152.95996094     0.00000000
  4153.91552734     0.00000000
  4154.87304688     0.00000000
  4155.82910156     0.00000000
  4156.78515625     0.00000000
  4157.74365234     0.00000000
  4158.70019531     0.00000000
  4159.65869141     0.00000000
  4160.61572266     0.00000000
  4161.57568359     0.00000000
  4162.53271484     0.00000000
  4163.49023438     0.00000000
  4164.45068359     0.00000000
  4165.40869141     0.00000000
  4166.36914063     0.00000000
  4167.32763672     0.00000000
  4168.28857422     0.00000000
  4169.24707031     0.00000000
  4170.20654297     0.00000000
  4171.16845703     0.00000000
  4172.12792969     0.00000000
  4173.08984375     0.00000000
  4174.04980469     0.00000000
  4175.01220703     0.00000000
  4175.97265625     0.00000000
  4176.93359375     0.00000000
  4177.89648438     0.00000000
  4178.85791016     0.00000000
  4179.82128906     0.00000000
  4180.78320313     0.00000000
  4181.74707031     0.00000000
  4182.70898438     0.00000000
  4183.67138672     0.00000000
  4184.63574219     0.00000000
  4185.59863281     0.00000000
  4186.56396484     0.00000000
  4187.52734375     0.00000000
  4188.49267578     0.00000000
  4189.45605469     0.00000000
  4190.41992188     0.00000000
  4191.38623047     0.00000000
  4192.35058594     0.00000000
  4193.31738281     0.00000000
  4194.28173828     0.00000000
  4195.24902344     0.00000000
  4196.21435547     0.00000000
  4197.17919922     0.00000000
  4198.14746094     0.00000000
  4199.11328125     0.00000000
  4200.08154297     0.00000000
  4201.04785156     0.00000000
  4202.01660156     0.00000000
  4202.98339844     0.00000000
  4203.95019531     0.00000000
  4204.91943359     0.00000000
  4205.88671875     0.00000000
  4206.85644531     0.00000000
  4207.82421875     0.00000000
  4208.79492188     0.00000000
  4209.76269531     0.00000000
  4210.73144531     0.00000000
  4211.70263672     0.00000000
  4212.67138672     0.00000000
  4213.64257813     0.00000000
  4214.61230469     0.00000000
  4215.58398438     0.00000000
  4216.55371094     0.00000000
  4217.52392578     0.00000000
  4218.49609375     0.00000000
  4219.46679688     0.00000000
  4220.43994141     0.00000000
  4221.41064453     0.00000000
  4222.38427734     0.00000000
  4223.35546875     0.00000000
  4224.32714844     0.00000000
  4225.30126953     0.00000000
  4226.27343750     0.00000000
  4227.24755859     0.00000000
  4228.22021484     0.00000000
  4229.19531250     0.00000000
  4230.16796875     0.00000000
  4231.14355469     0.00000000
  4232.11718750     0.00000000
  4233.09033203     0.00000000
  4234.06689453     0.00000000
  4235.04101563     0.00000000
  4236.01708984     0.00000000
  4236.99218750     0.00000000
  4237.96875000     0.00000000
  4238.94384766     0.00000000
  4239.91894531     0.00000000
  4240.89697266     0.00000000
  4241.87255859     0.00000000
  4242.85058594     0.00000000
  4243.82666016     0.00000000
  4244.80517578     0.00000000
  4245.78173828     0.00000000
  4246.75878906     0.00000000
  4247.73779297     0.00000000
  4248.71484375     0.00000000
  4249.69482422     0.00000000
  4250.67236328     0.00000000
  4251.65283203     0.00000000
  4252.63085938     0.00000000
  4253.60888672     0.00000000
  4254.58984375     0.00000000
  4255.56835938     0.00000000
  4256.54980469     0.00000000
  4257.52929688     0.00000000
  4258.51074219     0.00000000
  4259.49023438     0.00000000
  4260.47070313     0.00000000
  4261.45312500     0.00000000
  4262.43310547     0.00000000
  4263.41601563     0.00000000
  4264.39697266     0.00000000
  4265.38037109     0.00000000
  4266.36132813     0.00000000
  4267.34326172     0.00000000
  4268.32714844     0.00000000
  4269.30908203     0.00000000
  4270.29345703     0.00000000
  4271.27587891     0.00000000
  4272.26074219     0.00000000
  4273.24365234     0.00000000
  4274.22656250     0.00000000
  4275.21240234     0.00000000
  4276.19580078     0.00000000
  4277.18164063     0.00000000
  4278.16601563     0.00000000
  4279.15234375     0.00000000
  4280.13671875     0.00000000
  4281.12158203     0.00000000
  4282.10888672     0.00000000
  4283.09375000     0.00000000
  4284.08105469     0.00000000
  4285.06689453     0.00000000
  4286.05517578     0.00000000
  4287.04101563     0.00000000
  4288.02734375     0.00000000
  4289.01611328     0.00000000
  4290.00292969     0.00000000
  4290.99218750     0.00000000
  4291.97949219     0.00000000
  4292.96923828     0.00000000
  4293.95654297     0.00000000
  4294.94433594     0.00000000
  4295.93505859     0.00000000
  4296.92285156     0.00000000
  4297.91357422     0.00000000
  4298.90283203     0.00000000
  4299.89404297     0.00000000
  4300.88330078     0.00000000
  4301.87255859     0.00000000
  4302.86474609     0.00000000
  4303.85449219     0.00000000
  4304.84667969     0.00000000
  4305.83740234     0.00000000
  4306.83007813     0.00000000
  4307.82080078     0.00000000
  4308.81396484     0.00000000
  4309.80566406     0.00000000
  4310.79687500     0.00000000
  4311.79101563     0.00000000
  4312.78320313     0.00000000
  4313.77734375     0.00000000
  4314.77001953     0.00000000
  4315.76513672     0.00000000
  4316.75732422     0.00000000
  4317.75097656     0.00000000
  4318.74658203     0.00000000
  4319.73974609     0.00000000
  4320.73632813     0.00000000
  4321.72998047     0.00000000
  4322.72656250     0.00000000
  4323.72070313     0.00000000
  4324.71582031     0.00000000
  4325.71289063     0.00000000
  4326.70800781     0.00000000
  4327.70556641     0.00000000
  4328.70166016     0.00000000
  4329.69970703     0.00000000
  4330.69580078     0.00000000
  4331.69189453     0.00000000
  4332.69091797     0.00000000
  4333.68750000     0.00000000
  4334.68701172     0.00000000
  4335.68408203     0.00000000
  4336.68408203     0.00000000
  4337.68164063     0.00000000
  4338.67919922     0.00000000
  4339.67968750     0.00000000
  4340.67822266     0.00000000
  4341.67919922     0.00000000
  4342.67822266     0.00000000
  4343.67919922     0.00000000
  4344.67871094     0.00000000
  4345.67822266     0.00000000
  4346.68017578     0.00000000
  4347.68017578     0.00000000
  4348.68261719     0.00000000
  4349.68310547     0.00000000
  4350.68603516     0.00000000
  4351.68701172     0.00000000
  4352.68798828     0.00000000
  4353.69189453     0.00000000
  4354.69335938     0.00000000
  4355.69726563     0.00000000
  4356.69970703     0.00000000
  4357.70410156     0.00000000
  4358.70703125     0.00000000
  4359.70947266     0.00000000
  4360.71484375     0.00000000
  4361.71777344     0.00000000
  4362.72363281     0.00000000
  4363.72753906     0.00000000
  4364.73339844     0.00000000
  4365.73779297     0.00000000
  4366.74218750     0.00000000
  4367.74902344     0.00000000
  4368.75390625     0.00000000
  4369.76123047     0.00000000
  4370.76660156     0.00000000
  4371.77441406     0.00000000
  4372.78027344     0.00000000
  4373.78613281     0.00000001
  4374.79492188     0.00000002
  4375.80126953     0.00000006
  4376.81005859     0.00000013
  4377.81689453     0.00000028
  4378.82666016     0.00000060
  4379.83398438     0.00000127
  4380.84130859     0.00000264
  4381.85156250     0.00000539
  4382.85986328     0.00001080
  4383.87011719     0.00002123
  4384.87890625     0.00004093
  4385.89013672     0.00007752
  4386.89892578     0.00014381
  4387.91064453     0.00026217
  4388.91992188     0.00046820
  4389.92968750     0.00082047
  4390.94189453     0.00141230
  4391.95214844     0.00238225
  4392.96484375     0.00394665
  4393.97558594     0.00640756
  4394.98876953     0.01021618
  4396.00000000     0.01596362
  4397.01123047     0.02446919
  4398.02490234     0.03682736
  4399.03710938     0.05433611
  4400.05126953     0.07869324
  4401.06347656     0.11171149
  4402.07812500     0.15567687
  4403.09130859     0.21269116
  4404.10400391     0.28498948
  4405.11962891     0.37485263
  4406.13281250     0.48329163
  4407.14892578     0.61158061
  4408.16259766     0.75866073
  4409.17919922     0.92359293
  4410.19384766     1.10237730
  4411.20849609     1.29053247
  4412.22558594     1.48228228
  4413.24072266     1.66936111
  4414.25830078     1.84435570
  4415.27343750     1.99805188
  4416.29150391     2.12331748
  4417.30761719     2.21274614
  4418.32373047     2.26160932
  4419.34277344     2.26708364
  4420.35937500     2.22882795
  4421.37890625     2.14887619
  4422.39599609     2.03222179
  4423.41552734     1.88485324
  4424.43310547     1.71527553
  4425.45117188     1.53172874
  4426.47167969     1.34248650
  4427.49023438     1.15649951
  4428.51123047     0.98014045
  4429.52978516     0.82010907
  4430.55126953     0.68001997
  4431.57031250     0.56364125
  4432.58984375     0.47229898
  4433.61181641     0.40655914
  4434.63183594     0.36646891
  4435.65478516     0.35092342
  4436.67480469     0.35851797
  4437.69824219     0.38735303
  4438.71923828     0.43490309
  4439.73974609     0.49835071
  4440.76367188     0.57470024
  4441.78515625     0.65976274
  4442.80957031     0.74977690
  4443.83154297     0.83975273
  4444.85644531     0.92548823
  4445.87890625     1.00198686
  4446.90185547     1.06536841
  4447.92724609     1.11229217
  4448.95068359     1.14017129
  4449.97607422     1.14799154
  4451.00000000     1.13598347
  4452.02685547     1.10573375
  4453.05078125     1.06037879
  4454.07519531     1.00383735
  4455.10205078     0.94071037
  4456.12744141     0.87631160
  4457.15478516     0.81543231
  4458.18017578     0.76280040
  4459.20800781     0.72185200
  4460.23388672     0.69528878
  4461.26025391     0.68423200
  4462.28906250     0.68857431
  4463.31494141     0.70681304
  4464.34472656     0.73644650
  4465.37158203     0.77374840
  4466.40136719     0.81478453
  4467.42871094     0.85499650
  4468.45898438     0.89040768
  4469.48681641     0.91720921
  4470.51513672     0.93276006
  4471.54589844     0.93542129
  4472.57470703     0.92483044
  4473.60595703     0.90190405
  4474.63525391     0.86892581
  4475.66699219     0.82898551
  4476.69677734     0.78622717
  4477.72656250     0.74495226
  4478.75878906     0.70947748
  4479.78955078     0.68398750
  4480.82226563     0.67173874
  4481.85351563     0.67509329
  4482.88671875     0.69515133
  4483.91796875     0.73154938
  4484.94970703     0.78266811
  4485.98388672     0.84568965
  4487.01562500     0.91624641
  4488.05078125     0.98984689
  4489.08300781     1.06071472
  4490.11816406     1.12387955
  4491.15087891     1.17405581
  4492.18408203     1.20727468
  4493.22021484     1.22050250
  4494.25390625     1.21199930
  4495.29003906     1.18153298
  4496.32421875     1.13045597
  4497.36132813     1.06101024
  4498.39550781     0.97708225
  4499.43066406     0.88253462
  4500.46826172     0.78160620
  4501.50341797     0.67909193
  4502.54150391     0.57838643
  4503.57714844     0.48328453
  4504.61572266     0.39579198
  4505.65234375     0.31798193
  4506.68847656     0.25055477
  4507.72802734     0.19343719
  4508.76464844     0.14655258
  4509.80468750     0.10877233
  4510.84228516     0.07921939
  4511.88232422     0.05653076
  4512.92041016     0.03958141
  4513.95849609     0.02717587
  4514.99902344     0.01827880
  4516.03808594     0.01206195
  4517.07910156     0.00779819
  4518.11865234     0.00494644
  4519.16015625     0.00307367
  4520.20019531     0.00187396
  4521.23974609     0.00112053
  4522.28222656     0.00065597
  4523.32275391     0.00037689
  4524.36572266     0.00021203
  4525.40673828     0.00011708
  4526.45019531     0.00006329
  4527.49121094     0.00003360
  4528.53320313     0.00001747
  4529.57763672     0.00000890
  4530.61962891     0.00000445
  4531.66406250     0.00000218
  4532.70654297     0.00000105
  4533.75195313     0.00000049
  4534.79492188     0.00000023
  4535.83789063     0.00000010
  4536.88427734     0.00000005
  4537.92773438     0.00000002
  4538.97412109     0.00000001
  4540.01806641     0.00000000
  4541.06542969     0.00000000
  4542.10986328     0.00000000
  4543.15722656     0.00000000
  4544.20263672     0.00000000
  4545.24755859     0.00000000
  4546.29589844     0.00000000
  4547.34179688     0.00000000
  4548.39062500     0.00000000
  4549.43652344     0.00000000
  4550.48583984     0.00000000
  4551.53271484     0.00000000
  4552.58007813     0.00000000
  4553.62939453     0.00000000
  4554.67724609     0.00000000
  4555.72753906     0.00000000
  4556.77539063     0.00000000
  4557.82617188     0.00000000
  4558.87500000     0.00000000
  4559.92333984     0.00000000
  4560.97509766     0.00000000
  4562.02441406     0.00000000
  4563.07666016     0.00000000
  4564.12597656     0.00000000
  4565.17871094     0.00000000
  4566.22900391     0.00000000
  4567.27880859     0.00000000
  4568.33251953     0.00000001
  4569.38330078     0.00000001
  4570.43701172     0.00000003
  4571.48876953     0.00000006
  4572.54248047     0.00000013
  4573.59423828     0.00000028
  4574.64648438     0.00000057
  4575.70166016     0.00000118
  4576.75439453     0.00000236
  4577.80957031     0.00000465
  4578.86279297     0.00000898
  4579.91845703     0.00001703
  4580.97216797     0.00003167
  4582.02587891     0.00005776
  4583.08251953     0.00010351
  4584.13671875     0.00018175
  4585.19433594     0.00031364
  4586.24902344     0.00053015
  4587.30664063     0.00088040
  4588.36181641     0.00143268
  4589.41748047     0.00228787
  4590.47558594     0.00358823
  4591.53173828     0.00551692
  4592.59082031     0.00833213
  4593.64697266     0.01233373
  4594.70605469     0.01793462
  4595.76318359     0.02557588
  4596.82080078     0.03580438
  4597.88037109     0.04923217
  4598.93847656     0.06643529
  4599.99853516     0.08808496
  4601.05664063     0.11466496
  4602.11816406     0.14679264
  4603.17675781     0.18461297
  4604.23583984     0.22839041
  4605.29736328     0.27820486
  4606.35693359     0.33364683
  4607.41943359     0.39462119
  4608.47900391     0.46034133
  4609.54150391     0.53069997
  4610.60205078     0.60497123
  4611.66259766     0.68300134
  4612.72607422     0.76491076
  4613.78759766     0.85038120
  4614.85107422     0.93988264
  4615.91308594     1.03326929
  4616.97753906     1.13084722
  4618.03955078     1.23175156
  4619.10156250     1.33522451
  4620.16699219     1.43991494
  4621.22998047     1.54276741
  4622.29541016     1.64099741
  4623.35888672     1.73032022
  4624.42529297     1.80686021
  4625.48876953     1.86589479
  4626.55566406     1.90379190
  4627.61962891     1.91709340
  4628.68457031     1.90378761
  4629.75146484     1.86297023
  4630.81689453     1.79545569
  4631.88476563     1.70314574
  4632.95019531     1.58996916
  4634.01855469     1.45992506
  4635.08447266     1.31893563
  4636.15087891     1.17224360
  4637.22021484     1.02504885
  4638.28710938     0.88324696
  4639.35644531     0.75070572
  4640.42382813     0.63166535
  4641.49365234     0.52845830
  4642.56152344     0.44345614
  4643.62939453     0.37759748
  4644.70019531     0.33124891
  4645.76904297     0.30456260
  4646.84033203     0.29691327
  4647.90917969     0.30745324
  4648.98095703     0.33505782
  4650.05029297     0.37812972
  4651.12011719     0.43498820
  4652.19287109     0.50376385
  4653.26318359     0.58175194
  4654.33593750     0.66663545
  4655.40673828     0.75514799
  4656.47998047     0.84453744
  4657.55175781     0.93128085
  4658.62304688     1.01230979
  4659.69726563     1.08486998
  4660.76904297     1.14591169
  4661.84375000     1.19346857
  4662.91601563     1.22555852
  4663.99169922     1.24118757
  4665.06445313     1.23973823
  4666.13769531     1.22138894
  4667.21337891     1.18678200
  4668.28759766     1.13733745
  4669.36376953     1.07470989
  4670.43798828     1.00135279
  4671.51513672     0.91945177
  4672.58984375     0.83210927
  4673.66455078     0.74188221
  4674.74218750     0.65116572
  4675.81787109     0.56280059
  4676.89599609     0.47853777
  4677.97167969     0.40045506
  4679.05078125     0.32938120
  4680.12744141     0.26648435
  4681.20410156     0.21191752
  4682.28320313     0.16550821
  4683.36035156     0.12704509
  4684.44042969     0.09570973
  4685.51806641     0.07084914
  4686.59863281     0.05144710
  4687.67675781     0.03669881
  4688.75488281     0.02569463
  4689.83642578     0.01763395
  4690.91503906     0.01188723
  4691.99707031     0.00785201
  4693.07617188     0.00509408
  4694.15869141     0.00323737
  4695.23828125     0.00202062
  4696.31835938     0.00123681
  4697.40136719     0.00074152
  4698.48193359     0.00043660
  4699.56591797     0.00025184
  4700.64697266     0.00014304
  4701.73095703     0.00008029
  4702.81201172     0.00004573
  4703.89404297     0.00002835
  4704.97900391     0.00002234
  4706.06103516     0.00002553
  4707.14648438     0.00003868
  4708.22900391     0.00006552
  4709.31494141     0.00011379
  4710.39843750     0.00019600
  4711.48437500     0.00033272
  4712.56835938     0.00055404
  4713.65283203     0.00090545
  4714.73974609     0.00145320
  4715.82421875     0.00228546
  4716.91162109     0.00352999
  4717.99658203     0.00534299
  4719.08496094     0.00794270
  4720.17041016     0.01156949
  4721.25634766     0.01653349
  4722.34472656     0.02319342
  4723.43115234     0.03189445
  4724.52050781     0.04305529
  4725.60742188     0.05697057
  4726.69726563     0.07399167
  4727.78466797     0.09420152
  4728.87207031     0.11763585
  4729.96240234     0.14416310
  4731.05078125     0.17321856
  4732.14160156     0.20420994
  4733.22998047     0.23603778
  4734.32177734     0.26769215
  4735.41113281     0.29766968
  4736.50048828     0.32464600
  4737.59228516     0.34731066
  4738.68212891     0.36436370
  4739.77490234     0.37492380
  4740.86523438     0.37833375
  4741.95898438     0.37440461
  4743.04931641     0.36338717
  4744.14062500     0.34588876
  4745.23437500     0.32282948
  4746.32617188     0.29552525
  4747.42089844     0.26522693
  4748.51318359     0.23348936
  4749.60791016     0.20150952
  4750.70019531     0.17060365
  4751.79345703     0.14162380
  4752.88916016     0.11523679
  4753.98242188     0.09199242
  4755.07861328     0.07196687
  4756.17285156     0.05523271
  4757.26953125     0.04154091
  4758.36425781     0.03065220
  4759.45849609     0.02218223
  4760.55615234     0.01572428
  4761.65136719     0.01093818
  4762.74951172     0.00745330
  4763.84472656     0.00498507
  4764.94335938     0.00326509
  4766.03955078     0.00209888
  4767.13623047     0.00132269
  4768.23535156     0.00081643
  4769.33251953     0.00049454
  4770.43212891     0.00029337
  4771.52978516     0.00017080
  4772.62988281     0.00009738
  4773.72802734     0.00005448
  4774.82617188     0.00002989
  4775.92675781     0.00001606
  4777.02587891     0.00000846
  4778.12744141     0.00000437
  4779.22656250     0.00000221
  4780.32861328     0.00000110
  4781.42822266     0.00000053
  4782.52832031     0.00000025
  4783.63134766     0.00000012
  4784.73144531     0.00000005
  4785.83496094     0.00000002
  4786.93603516     0.00000001
  4788.03955078     0.00000000
  4789.14111328     0.00000000
  4790.24316406     0.00000000
  4791.34716797     0.00000000
  4792.44970703     0.00000000
  4793.55517578     0.00000000
  4794.65771484     0.00000000
  4795.76318359     0.00000000
  4796.86669922     0.00000000
  4797.97265625     0.00000000
  4799.07666016     0.00000000
  4800.18066406     0.00000000
  4801.28710938     0.00000000
  4802.39208984     0.00000000
  4803.49951172     0.00000000
  4804.60449219     0.00000000
  4805.71240234     0.00000000
  4806.81787109     0.00000000
  4807.92382813     0.00000000
  4809.03271484     0.00000000
  4810.13867188     0.00000000
  4811.24804688     0.00000000
  4812.35449219     0.00000000
  4813.46435547     0.00000000
  4814.57177734     0.00000000
  4815.67919922     0.00000000
  4816.78955078     0.00000000
  4817.89794922     0.00000000
  4819.00878906     0.00000000
  4820.11767578     0.00000000
  4821.22900391     0.00000000
  4822.33837891     0.00000000
  4823.44726563     0.00000000
  4824.55957031     0.00000000
  4825.66943359     0.00000000
  4826.78271484     0.00000000
  4827.89306641     0.00000000
  4829.00634766     0.00000000
  4830.11718750     0.00000000
  4831.22851563     0.00000000
  4832.34228516     0.00000000
  4833.45361328     0.00000000
  4834.56884766     0.00000000
  4835.68066406     0.00000000
  4836.79589844     0.00000000
  4837.90820313     0.00000000
  4839.02148438     0.00000000
  4840.13769531     0.00000000
  4841.25048828     0.00000000
  4842.36718750     0.00000000
  4843.48144531     0.00000000
  4844.59814453     0.00000000
  4845.71240234     0.00000000
  4846.82714844     0.00000000
  4847.94482422     0.00000000
  4849.06005859     0.00000000
  4850.17871094     0.00000000
  4851.29443359     0.00000000
  4852.41308594     0.00000000
  4853.52929688     0.00000000
  4854.64550781     0.00000000
  4855.76513672     0.00000000
  4856.88232422     0.00000000
  4858.00244141     0.00000000
  4859.11962891     0.00000000
  4860.24023438     0.00000000
  4861.35839844     0.00000000
  4862.47705078     0.00000000
  4863.59814453     0.00000000
  4864.71679688     0.00000000
  4865.83886719     0.00000000
  4866.95849609     0.00000000
  4868.08056641     0.00000000
  4869.20019531     0.00000000
  4870.32031250     0.00000000
  4871.44384766     0.00000000
  4872.56445313     0.00000000
  4873.68798828     0.00000000
  4874.80908203     0.00000000
  4875.93310547     0.00000000
  4877.05468750     0.00000000
  4878.17675781     0.00000000
  4879.30175781     0.00000000
  4880.42431641     0.00000000
  4881.54980469     0.00000000
  4882.67285156     0.00000000
  4883.79833984     0.00000000
  4884.92236328     0.00000000
  4886.04882813     0.00000000
  4887.17236328     0.00000000
  4888.29687500     0.00000000
  4889.42382813     0.00000000
  4890.54882813     0.00000000
  4891.67675781     0.00000000
  4892.80175781     0.00000000
  4893.93017578     0.00000000
  4895.05615234     0.00000000
  4896.18212891     0.00000000
  4897.31103516     0.00000000
  4898.43798828     0.00000000
  4899.56738281     0.00000000
  4900.69433594     0.00000000
  4901.82421875     0.00000000
  4902.95214844     0.00000000
  4904.08007813     0.00000000
  4905.21093750     0.00000000
  4906.33935547     0.00000000
  4907.47070313     0.00000000
  4908.59960938     0.00000000
  4909.73193359     0.00000000
  4910.86132813     0.00000000
  4911.99072266     0.00000000
  4913.12353516     0.00000000
  4914.25390625     0.00000000
  4915.38720703     0.00000000
  4916.51806641     0.00000000
  4917.65185547     0.00000000
  4918.78271484     0.00000000
  4919.91455078     0.00000000
  4921.04882813     0.00000000
  4922.18115234     0.00000000
  4923.31640625     0.00000000
  4924.44873047     0.00000000
  4925.58447266     0.00000000
  4926.71728516     0.00000000
  4927.85058594     0.00000000
  4928.98681641     0.00000000
  4930.12109375     0.00000000
  4931.25781250     0.00000000
  4932.39208984     0.00000000
  4933.52978516     0.00000000
  4934.66503906     0.00000000
  4935.79980469     0.00000000
  4936.93847656     0.00000000
  4938.07373047     0.00000000
  4939.21289063     0.00000000
  4940.34912109     0.00000000
  4941.48779297     0.00000000
  4942.62500000     0.00000000
  4943.76171875     0.00000000
  4944.90185547     0.00000000
  4946.03955078     0.00000000
  4947.18017578     0.00000000
  4948.31787109     0.00000000
  4949.45898438     0.00000000
  4950.59765625     0.00000000
  4951.73681641     0.00000000
  4952.87841797     0.00000000
  4954.01806641     0.00000000
  4955.16064453     0.00000000
  4956.30029297     0.00000000
  4957.44287109     0.00000000
  4958.58349609     0.00000000
  4959.72460938     0.00000000
  4960.86816406     0.00000000
  4962.00927734     0.00000000
  4963.15380859     0.00000000
  4964.29541016     0.00000000
  4965.43994141     0.00000000
  4966.58203125     0.00000000
  4967.72460938     0.00000000
  4968.87060547     0.00000000
  4970.01367188     0.00000000
  4971.15966797     0.00000000
  4972.30322266     0.00000000
  4973.44970703     0.00000000
  4974.59375000     0.00000000
  4975.74121094     0.00000000
  4976.88574219     0.00000000
  4978.03076172     0.00000000
  4979.17871094     0.00000000
  4980.32421875     0.00000000
  4981.47265625     0.00000000
  4982.61865234     0.00000000
  4983.76757813     0.00000000
  4984.91406250     0.00000000
  4986.06054688     0.00000000
  4987.21044922     0.00000000
  4988.35791016     0.00000000
  4989.50830078     0.00000000
  4990.65625000     0.00000000
  4991.80664063     0.00000000
  4992.95507813     0.00000000
  4994.10400391     0.00000000
  4995.25537109     0.00000000
  4996.40429688     0.00000000
  4997.55664063     0.00000000
  4998.70654297     0.00000000
  4999.85937500     0.00000000
  5001.00927734     0.00000000
  5002.15966797     0.00000000
  5003.31347656     0.00000000
  5004.46435547     0.00000000
  5005.61816406     0.00000000
  5006.77001953     0.00000000
  5007.92431641     0.00000000
  5009.07666016     0.00000000
  5010.22851563     0.00000000
  5011.38427734     0.00000000
  5012.53662109     0.00000000
  5013.69287109     0.00000000
  5014.84619141     0.00000000
  5016.00244141     0.00000000
  5017.15673828     0.00000000
  5018.31054688     0.00000000
  5019.46826172     0.00000000
  5020.62255859     0.00000000
  5021.78076172     0.00000000
  5022.93554688     0.00000000
  5024.09423828     0.00000000
  5025.25000000     0.00000000
  5026.40576172     0.00000000
  5027.56494141     0.00000000
  5028.72167969     0.00000000
  5029.88134766     0.00000000
  5031.03808594     0.00000000
  5032.19824219     0.00000000
  5033.35595703     0.00000000
  5034.51416016     0.00000000
  5035.67480469     0.00000000
  5036.83349609     0.00000000
  5037.99511719     0.00000000
  5039.15380859     0.00000000
  5040.31591797     0.00000000
  5041.47558594     0.00000000
  5042.63525391     0.00000000
  5043.79785156     0.00000000
  5044.95800781     0.00000000
  5046.12158203     0.00000000
  5047.28222656     0.00000000
  5048.44628906     0.00000000
  5049.60791016     0.00000000
  5050.76904297     0.00000000
  5051.93408203     0.00000000
  5053.09619141     0.00000000
  5054.26171875     0.00000000
  5055.42431641     0.00000000
  5056.58984375     0.00000000
  5057.75341797     0.00000000
  5058.91699219     0.00000000
  5060.08300781     0.00000000
  5061.24755859     0.00000000
  5062.41455078     0.00000000
  5063.57910156     0.00000000
  5064.74658203     0.00000000
  5065.91210938     0.00000000
  5067.08007813     0.00000000
  5068.24560547     0.00000000
  5069.41162109     0.00000000
  5070.58056641     0.00000000
  5071.74707031     0.00000000
  5072.91699219     0.00000000
  5074.08349609     0.00000000
  5075.25390625     0.00000000
  5076.42138672     0.00000000
  5077.58935547     0.00000000
  5078.76025391     0.00000000
  5079.92822266     0.00000001
  5081.10009766     0.00000002
  5082.26904297     0.00000005
  5083.44091797     0.00000010
  5084.61035156     0.00000022
  5085.77978516     0.00000046
  5086.95263672     0.00000097
  5088.12304688     0.00000198
  5089.29638672     0.00000396
  5090.46728516     0.00000778
  5091.64111328     0.00001502
  5092.81201172     0.00002840
  5093.98388672     0.00005271
  5095.15820313     0.00009607
  5096.33056641     0.00017160
  5097.50585938     0.00030111
  5098.67871094     0.00051770
  5099.85400391     0.00087410
  5101.02734375     0.00144651
  5102.20117188     0.00234867
  5103.37744141     0.00374444
  5104.55126953     0.00585024
  5105.72851563     0.00897715
  5106.90332031     0.01350041
  5108.08056641     0.01993124
  5109.25585938     0.02884459
  5110.43115234     0.04094722
  5111.60986328     0.05707169
  5112.78564453     0.07795995
  5113.96435547     0.10453261
  5115.14111328     0.13741156
  5116.32031250     0.17726557
  5117.49755859     0.22420108
  5118.67480469     0.27813357
  5119.85546875     0.33861533
  5121.03320313     0.40414086
  5122.21386719     0.47327551
  5123.39208984     0.54341698
  5124.57373047     0.61217874
  5125.75244141     0.67618573
  5126.93164063     0.73256785
  5128.11425781     0.77851754
  5129.29394531     0.81129813
  5130.47656250     0.82922637
  5131.65673828     0.83118540
  5132.84033203     0.81705165
  5134.02099609     0.78770322
  5135.20214844     0.74476188
  5136.38623047     0.69044155
  5137.56787109     0.62781990
  5138.75244141     0.55969173
  5139.93457031     0.48942858
  5141.12011719     0.41952431
  5142.30273438     0.35278115
  5143.48583984     0.29089943
  5144.67187500     0.23510404
  5145.85546875     0.18641047
  5147.04199219     0.14484756
  5148.22607422     0.11042650
  5149.41308594     0.08249296
  5150.59814453     0.06045778
  5151.78271484     0.04345494
  5152.97070313     0.03059659
  5154.15625000     0.02113949
  5155.34472656     0.01430776
  5156.53076172     0.00950307
  5157.71972656     0.00618248
  5158.90625000     0.00394735
  5160.09570313     0.00246834
  5161.28271484     0.00151487
  5162.47021484     0.00091142
  5163.66113281     0.00053684
  5164.84863281     0.00031051
  5166.03955078     0.00017581
  5167.22802734     0.00009771
  5168.41992188     0.00005315
  5169.60888672     0.00002839
  5170.79785156     0.00001487
  5171.99023438     0.00000762
  5173.18017578     0.00000383
  5174.37304688     0.00000189
  5175.56347656     0.00000091
  5176.75683594     0.00000043
  5177.94775391     0.00000020
  5179.13916016     0.00000009
  5180.33349609     0.00000004
  5181.52490234     0.00000002
  5182.71972656     0.00000001
  5183.91210938     0.00000000
  5185.10742188     0.00000000
  5186.30029297     0.00000000
  5187.49365234     0.00000000
  5188.68945313     0.00000000
  5189.88330078     0.00000000
  5191.08007813     0.00000000
  5192.27392578     0.00000000
  5193.47167969     0.00000000
  5194.66650391     0.00000000
  5195.86132813     0.00000000
  5197.05957031     0.00000000
  5198.25488281     0.00000000
  5199.45410156     0.00000000
  5200.64990234     0.00000000
  5201.84912109     0.00000000
  5203.04589844     0.00000000
  5204.24267578     0.00000000
  5205.44287109     0.00000000
  5206.64013672     0.00000000
  5207.84130859     0.00000000
  5209.03906250     0.00000000
  5210.24023438     0.00000000
  5211.43896484     0.00000000
  5212.63769531     0.00000000
  5213.83984375     0.00000000
  5215.03906250     0.00000000
  5216.24169922     0.00000000
  5217.44189453     0.00000000
  5218.64501953     0.00000000
  5219.84570313     0.00000000
  5221.04638672     0.00000000
  5222.25048828     0.00000000
  5223.45166016     0.00000000
  5224.65625000     0.00000000
  5225.85839844     0.00000000
  5227.06298828     0.00000000
  5228.26562500     0.00000000
  5229.46826172     0.00000000
  5230.67431641     0.00000000
  5231.87744141     0.00000000
  5233.08398438     0.00000000
  5234.28808594     0.00000000
  5235.49511719     0.00000000
  5236.69921875     0.00000000
  5237.90380859     0.00000000
  5239.11181641     0.00000000
  5240.31738281     0.00000000
  5241.52587891     0.00000000
  5242.73144531     0.00000000
  5243.94042969     0.00000000
  5245.14697266     0.00000000
  5246.35595703     0.00000000
  5247.56298828     0.00000000
  5248.77050781     0.00000000
  5249.98046875     0.00000000
  5251.18847656     0.00000000
  5252.39941406     0.00000000
  5253.60791016     0.00000000
  5254.81933594     0.00000000
  5256.02783203     0.00000000
  5257.23730469     0.00000000
  5258.44921875     0.00000000
  5259.65917969     0.00000000
  5260.87207031     0.00000000
  5262.08203125     0.00000000
  5263.29541016     0.00000000
  5264.50634766     0.00000000
  5265.71777344     0.00000000
  5266.93164063     0.00000000
  5268.14355469     0.00000000
  5269.35839844     0.00000000
  5270.57031250     0.00000000
  5271.78564453     0.00000000
  5272.99853516     0.00000000
  5274.21191406     0.00000000
  5275.42773438     0.00000000
  5276.64160156     0.00000000
  5277.85839844     0.00000000
  5279.07275391     0.00000000
  5280.29003906     0.00000000
  5281.50439453     0.00000000
  5282.71972656     0.00000000
  5283.93750000     0.00000000
  5285.15332031     0.00000000
  5286.37158203     0.00000000
  5287.58837891     0.00000000
  5288.80761719     0.00000000
  5290.02392578     0.00000000
  5291.24121094     0.00000000
  5292.46093750     0.00000000
  5293.67871094     0.00000000
  5294.89990234     0.00000000
  5296.11767578     0.00000000
  5297.33886719     0.00000000
  5298.55761719     0.00000000
  5299.77636719     0.00000000
  5300.99853516     0.00000000
  5302.21826172     0.00000000
  5303.44042969     0.00000000
  5304.66064453     0.00000000
  5305.88427734     0.00000000
  5307.10449219     0.00000000
  5308.32568359     0.00000000
  5309.54980469     0.00000000
  5310.77099609     0.00000000
  5311.99560547     0.00000000
  5313.21777344     0.00000000
  5314.44335938     0.00000001
  5315.66552734     0.00000001
  5316.88818359     0.00000003
  5318.11425781     0.00000007
  5319.33789063     0.00000015
  5320.56445313     0.00000031
  5321.78857422     0.00000067
  5323.01611328     0.00000138
  5324.24023438     0.00000282
  5325.46484375     0.00000562
  5326.69335938     0.00001104
  5327.91894531     0.00002124
  5329.14746094     0.00004014
  5330.37353516     0.00007433
  5331.60253906     0.00013520
  5332.82861328     0.00024091
  5334.05566406     0.00042131
  5335.28564453     0.00072372
  5336.51318359     0.00121821
  5337.74316406     0.00201353
  5338.97119141     0.00326211
  5340.20214844     0.00518993
  5341.43115234     0.00809356
  5342.66259766     0.01239130
  5343.89160156     0.01859345
  5345.12158203     0.02737630
  5346.35400391     0.03956634
  5347.58398438     0.05605050
  5348.81689453     0.07794555
  5350.04785156     0.10626356
  5351.28125000     0.14217862
  5352.51220703     0.18648355
  5353.74365234     0.23994055
  5354.97851563     0.30300131
  5356.20996094     0.37506181
  5357.44482422     0.45561045
  5358.67773438     0.54267019
  5359.91357422     0.63419455
  5361.14648438     0.72666705
  5362.37988281     0.81671095
  5363.61621094     0.90052122
  5364.85009766     0.97371942
  5366.08740234     1.03289437
  5367.32177734     1.07460630
  5368.55908203     1.09681833
  5369.79443359     1.09831274
  5371.02929688     1.07929099
  5372.26806641     1.04099393
  5373.50439453     0.98611629
  5374.74365234     0.91787744
  5375.97949219     0.84071469
  5377.21972656     0.75851560
  5378.45605469     0.67613536
  5379.69384766     0.59715021
  5380.93408203     0.52482104
  5382.17236328     0.46189138
  5383.41308594     0.40971363
  5384.65185547     0.36911425
  5385.89355469     0.33971068
  5387.13232422     0.32065472
  5388.37158203     0.31028941
  5389.61474609     0.30664748
  5390.85449219     0.30756941
  5392.09765625     0.31085417
  5393.33789063     0.31444818
  5394.58154297     0.31663448
  5395.82226563     0.31609434
  5397.06396484     0.31202415
  5398.30810547     0.30413064
  5399.55029297     0.29269883
  5400.79492188     0.27844357
  5402.03808594     0.26259345
  5403.28369141     0.24663234
  5404.52685547     0.23239782
  5405.76953125     0.22176883
  5407.01660156     0.21666324
  5408.26025391     0.21897164
  5409.50781250     0.23037294
  5410.75195313     0.25214893
  5411.99951172     0.28534037
  5413.24414063     0.33016676
  5414.48974609     0.38648582
  5415.73876953     0.45349136
  5416.98437500     0.52907950
  5418.23339844     0.61116248
  5419.47949219     0.69614577
  5420.72949219     0.78075641
  5421.97656250     0.86046344
  5423.22412109     0.93136936
  5424.47460938     0.98967403
  5425.72265625     1.03177738
  5426.97363281     1.05533719
  5428.22167969     1.05878985
  5429.47363281     1.04185653
  5430.72314453     1.00551116
  5431.97265625     0.95176458
  5433.22509766     0.88337100
  5434.47509766     0.80418718
  5435.72802734     0.71777570
  5436.97851563     0.62840992
  5438.23242188     0.53930992
  5439.48291016     0.45408422
  5440.73730469     0.37470901
  5441.98925781     0.30333227
  5443.24121094     0.24079956
  5444.49609375     0.18734448
  5445.74853516     0.14299990
  5447.00488281     0.10693768
  5448.25732422     0.07848933
  5449.51416016     0.05642612
  5450.76757813     0.03981259
  5452.02148438     0.02754161
  5453.27880859     0.01866264
  5454.53369141     0.01240936
  5455.79101563     0.00808403
  5457.04638672     0.00516720
  5458.30419922     0.00323554
  5459.56005859     0.00198795
  5460.81640625     0.00119739
  5462.07568359     0.00070628
  5463.33203125     0.00040897
  5464.59179688     0.00023184
  5465.84912109     0.00012900
  5467.10937500     0.00007027
  5468.36718750     0.00003758
  5469.62548828     0.00001970
  5470.88671875     0.00001011
  5472.14453125     0.00000509
  5473.40673828     0.00000251
  5474.66601563     0.00000122
  5475.92871094     0.00000058
  5477.18798828     0.00000027
  5478.44824219     0.00000012
  5479.71142578     0.00000005
  5480.97216797     0.00000002
  5482.23583984     0.00000001
  5483.49707031     0.00000000
  5484.76171875     0.00000000
  5486.02343750     0.00000000
  5487.28564453     0.00000000
  5488.55078125     0.00000000
  5489.81396484     0.00000000
  5491.07958984     0.00000000
  5492.34277344     0.00000000
  5493.60888672     0.00000000
  5494.87304688     0.00000000
  5496.13720703     0.00000000
  5497.40429688     0.00000000
  5498.66943359     0.00000000
  5499.93701172     0.00000000
