  4000.89990234     0.00000000
  4001.82006836     0.00000000
  4002.74316406     0.00000000
  4003.66381836     0.00000000
  4004.58715820     0.00000000
  4005.50830078     0.00000000
  4006.43188477     0.00000000
  4007.35351563     0.00000000
  4008.27563477     0.00000000
  4009.19995117     0.00000000
  4010.12231445     0.00000000
  4011.04687500     0.00000000
  4011.96972656     0.00000000
  4012.89453125     0.00000000
  4013.81787109     0.00000000
  4014.74121094     0.00000000
  4015.66699219     0.00000000
  4016.59106445     0.00000000
  4017.51708984     0.00000000
  4018.44140625     0.00000000
  4019.36791992     0.00000000
  4020.29272461     0.00000000
  4021.21752930     0.00000000
  4022.14477539     0.00000000
  4023.07006836     0.00000000
  4023.99780273     0.00000000
  4024.92333984     0.00000000
  4025.85180664     0.00000000
  4026.77783203     0.00000000
  4027.70410156     0.00000000
  4028.63305664     0.00000000
  4029.55981445     0.00000000
  4030.48901367     0.00000000
  4031.41601563     0.00000000
  4032.34570313     0.00000000
  4033.27343750     0.00000000
  4034.20117188     0.00000000
  4035.13134766     0.00000000
  4036.05981445     0.00000000
  4036.99047852     0.00000000
  4037.91918945     0.00000000
  4038.85034180     0.00000000
  4039.77929688     0.00000000
  4040.70874023     0.00000000
  4041.64038086     0.00000000
  4042.57031250     0.00000000
  4043.50244141     0.00000000
  4044.43261719     0.00000000
  4045.36547852     0.00000000
  4046.29614258     0.00000000
  4047.22680664     0.00000000
  4048.16040039     0.00000000
  4049.09155273     0.00000000
  4050.02514648     0.00000000
  4050.95703125     0.00000000
  4051.89086914     0.00000000
  4052.82299805     0.00000000
  4053.75561523     0.00000000
  4054.69018555     0.00000000
  4055.62304688     0.00000000
  4056.55810547     0.00000000
  4057.49169922     0.00000000
  4058.42724609     0.00000000
  4059.36083984     0.00000000
  4060.29467773     0.00000000
  4061.23071289     0.00000000
  4062.16503906     0.00000000
  4063.10205078     0.00000000
  4064.03662109     0.00000000
  4064.97387695     0.00000000
  4065.90893555     0.00000000
  4066.84423828     0.00000000
  4067.78198242     0.00000000
  4068.71801758     0.00000000
  4069.65600586     0.00000000
  4070.59228516     0.00000000
  4071.53100586     0.00000000
  4072.46752930     0.00000000
  4073.40454102     0.00000000
  4074.34375000     0.00000000
  4075.28100586     0.00000000
  4076.22094727     0.00000000
  4077.15869141     0.00000000
  4078.09863281     0.00000000
  4079.03686523     0.00000000
  4079.97753906     0.00000000
  4080.91625977     0.00000000
  4081.85498047     0.00000000
  4082.79614258     0.00000000
  4083.73559570     0.00000000
  4084.67724609     0.00000000
  4085.61694336     0.00000000
  4086.55908203     0.00000000
  4087.49902344     0.00000000
  4088.43945313     0.00000000
  4089.38208008     0.00000000
  4090.32275391     0.00000000
  4091.26635742     0.00000000
  4092.20727539     0.00000000
  4093.15087891     0.00000000
  4094.09252930     0.00000000
  4095.03442383     0.00000000
  4095.97875977     0.00000000
  4096.92089844     0.00000000
  4097.86572266     0.00000000
  4098.80859375     0.00000000
  4099.75341797     0.00000000
  4100.69677734     0.00000000
  4101.64013672     0.00000000
  4102.58593750     0.00000000
  4103.52978516     0.00000000
  4104.47607422     0.00000000
  4105.42041016     0.00000000
  4106.36718750     0.00000000
  4107.31152344     0.00000000
  4108.25634766     0.00000000
  4109.20410156     0.00000000
  4110.14941406     0.00000000
  4111.09716797     0.00000000
  4112.04296875     0.00000000
  4112.99121094     0.00000000
  4113.93701172     0.00000000
  4114.88378906     0.00000000
  4115.83251953     0.00000000
  4116.77929688     0.00000000
  4117.72851563     0.00000000
  4118.67578125     0.00000000
  4119.62548828     0.00000000
  4120.57324219     0.00000000
  4121.52148438     0.00000000
  4122.47167969     0.00000000
  4123.42041016     0.00000000
  4124.37109375     0.00000000
  4125.31982422     0.00000000
  4126.27099609     0.00000000
  4127.22021484     0.00000000
  4128.16943359     0.00000000
  4129.12158203     0.00000000
  4130.07177734     0.00000000
  4131.02392578     0.00000000
  4131.97460938     0.00000000
  4132.92724609     0.00000000
  4133.87792969     0.00000000
  4134.82910156     0.00000000
  4135.78222656     0.00000000
  4136.73388672     0.00000000
  4137.68798828     0.00000000
  4138.63964844     0.00000000
  4139.59375000     0.00000000
  4140.54638672     0.00000000
  4141.49902344     0.00000000
  4142.45410156     0.00000000
  4143.40673828     0.00000000
  4144.36230469     0.00000000
  4145.31591797     0.00000000
  4146.27148438     0.00000000
  4147.22558594     0.00000000
  4148.17968750     0.00000000
  4149.13574219     0.00000000
  4150.09033203     0.00000000
  4151.04736328     0.00000000
  4152.00244141     0.00000000
  4152.95996094     0.00000000
  4153.91552734     0.00000000
  4154.87304688     0.00000000
  4155.82910156     0.00000000
  4156.78515625     0.00000000
  4157.74365234     0.00000000
  4158.70019531     0.00000000
  4159.65869141     0.00000000
  4160.61572266     0.00000000
  4161.57568359     0.00000000
  4162.53271484     0.00000000
  4163.49023438     0.00000000
  4164.45068359     0.00000000
  4165.40869141     0.00000000
  4166.36914063     0.00000000
  4167.32763672     0.00000000
  4168.28857422     0.00000000
  4169.24707031     0.00000000
  4170.20654297     0.00000000
  4171.16845703     0.00000000
  4172.12792969     0.00000000
  4173.08984375     0.00000000
  4174.04980469     0.00000000
  4175.01220703     0.00000000
  4175.97265625     0.00000000
  4176.93359375     0.00000000
  4177.89648438     0.00000000
  4178.85791016     0.00000000
  4179.82128906     0.00000000
  4180.78320313     0.00000000
  4181.74707031     0.00000000
  4182.70898438     0.00000000
  4183.67138672     0.00000000
  4184.63574219     0.00000000
  4185.59863281     0.00000000
  4186.56396484     0.00000000
  4187.52734375     0.00000000
  4188.49267578     0.00000000
  4189.45605469     0.00000000
  4190.41992188     0.00000000
  4191.38623047     0.00000000
  4192.35058594     0.00000000
  4193.31738281     0.00000000
  4194.28173828     0.00000000
  4195.24902344     0.00000000
  4196.21435547     0.00000000
  4197.17919922     0.00000000
  4198.14746094     0.00000000
  4199.11328125     0.00000000
  4200.08154297     0.00000000
  4201.04785156     0.00000000
  4202.01660156     0.00000000
  4202.98339844     0.00000000
  4203.95019531     0.00000000
  4204.91943359     0.00000000
  4205.88671875     0.00000000
  4206.85644531     0.00000000
  4207.82421875     0.00000000
  4208.79492188     0.00000000
  4209.76269531     0.00000000
  4210.73144531     0.00000000
  4211.70263672     0.00000000
  4212.67138672     0.00000000
  4213.64257813     0.00000000
  4214.61230469     0.00000000
  4215.58398438     0.00000000
  4216.55371094     0.00000000
  4217.52392578     0.00000000
  4218.49609375     0.00000000
  4219.46679688     0.00000000
  4220.43994141     0.00000000
  4221.41064453     0.00000000
  4222.38427734     0.00000000
  4223.35546875     0.00000000
  4224.32714844     0.00000000
  4225.30126953     0.00000000
  4226.27343750     0.00000000
  4227.24755859     0.00000000
  4228.22021484     0.00000000
  4229.19531250     0.00000000
  4230.16796875     0.00000000
  4231.14355469     0.00000000
  4232.11718750     0.00000000
  4233.09033203     0.00000000
  4234.06689453     0.00000000
  4235.04101563     0.00000000
  4236.01708984     0.00000000
  4236.99218750     0.00000000
  4237.96875000     0.00000000
  4238.94384766     0.00000000
  4239.91894531     0.00000000
  4240.89697266     0.00000000
  4241.87255859     0.00000000
  4242.85058594     0.00000000
  4243.82666016     0.00000000
  4244.80517578     0.00000000
  4245.78173828     0.00000000
  4246.75878906     0.00000000
  4247.73779297     0.00000000
  4248.71484375     0.00000000
  4249.69482422     0.00000000
  4250.67236328     0.00000000
  4251.65283203     0.00000000
  4252.63085938     0.00000000
  4253.60888672     0.00000000
  4254.58984375     0.00000000
  4255.56835938     0.00000000
  4256.54980469     0.00000000
  4257.52929688     0.00000000
  4258.51074219     0.00000000
  4259.49023438     0.00000000
  4260.47070313     0.00000000
  4261.45312500     0.00000000
  4262.43310547     0.00000000
  4263.41601563     0.00000000
  4264.39697266     0.00000000
  4265.38037109     0.00000000
  4266.36132813     0.00000000
  4267.34326172     0.00000000
  4268.32714844     0.00000000
  4269.30908203     0.00000000
  4270.29345703     0.00000000
  4271.27587891     0.00000000
  4272.26074219     0.00000000
  4273.24365234     0.00000000
  4274.22656250     0.00000000
  4275.21240234     0.00000000
  4276.19580078     0.00000000
  4277.18164063     0.00000000
  4278.16601563     0.00000000
  4279.15234375     0.00000000
  4280.13671875     0.00000000
  4281.12158203     0.00000000
  4282.10888672     0.00000000
  4283.09375000     0.00000000
  4284.08105469     0.00000000
  4285.06689453     0.00000000
  4286.05517578     0.00000000
  4287.04101563     0.00000000
  4288.02734375     0.00000000
  4289.01611328     0.00000000
  4290.00292969     0.00000000
  4290.99218750     0.00000000
  4291.97949219     0.00000000
  4292.96923828     0.00000000
  4293.95654297     0.00000000
  4294.94433594     0.00000000
  4295.93505859     0.00000000
  4296.92285156     0.00000000
  4297.91357422     0.00000000
  4298.90283203     0.00000000
  4299.89404297     0.00000000
  4300.88330078     0.00000000
  4301.87255859     0.00000000
  4302.86474609     0.00000000
  4303.85449219     0.00000000
  4304.84667969     0.00000000
  4305.83740234     0.00000000
  4306.83007813     0.00000000
  4307.82080078     0.00000000
  4308.81396484     0.00000000
  4309.80566406     0.00000000
  4310.79687500     0.00000000
  4311.79101563     0.00000000
  4312.78320313     0.00000000
  4313.77734375     0.00000000
  4314.77001953     0.00000000
  4315.76513672     0.00000000
  4316.75732422     0.00000000
  4317.75097656     0.00000000
  4318.74658203     0.00000000
  4319.73974609     0.00000000
  4320.73632813     0.00000000
  4321.72998047     0.00000000
  4322.72656250     0.00000000
  4323.72070313     0.00000000
  4324.71582031     0.00000000
  4325.71289063     0.00000000
  4326.70800781     0.00000000
  4327.70556641     0.00000000
  4328.70166016     0.00000000
  4329.69970703     0.00000000
  4330.69580078     0.00000000
  4331.69189453     0.00000000
  4332.69091797     0.00000000
  4333.68750000     0.00000000
  4334.68701172     0.00000000
  4335.68408203     0.00000000
  4336.68408203     0.00000000
  4337.68164063     0.00000000
  4338.67919922     0.00000000
  4339.67968750     0.00000000
  4340.67822266     0.00000000
  4341.67919922     0.00000000
  4342.67822266     0.00000000
  4343.67919922     0.00000000
  4344.67871094     0.00000000
  4345.67822266     0.00000000
  4346.68017578     0.00000000
  4347.68017578     0.00000000
  4348.68261719     0.00000000
  4349.68310547     0.00000000
  4350.68603516     0.00000000
  4351.68701172     0.00000000
  4352.68798828     0.00000000
  4353.69189453     0.00000000
  4354.69335938     0.00000000
  4355.69726563     0.00000000
  4356.69970703     0.00000000
  4357.70410156     0.00000000
  4358.70703125     0.00000000
  4359.70947266     0.00000000
  4360.71484375     0.00000000
  4361.71777344     0.00000000
  4362.72363281     0.00000000
  4363.72753906     0.00000000
  4364.73339844     0.00000000
  4365.73779297     0.00000000
  4366.74218750     0.00000000
  4367.74902344     0.00000000
  4368.75390625     0.00000000
  4369.76123047     0.00000000
  4370.76660156     0.00000000
  4371.77441406     0.00000000
  4372.78027344     0.00000000
  4373.78613281     0.00000000
  4374.79492188     0.00000000
  4375.80126953     0.00000000
  4376.81005859     0.00000000
  4377.81689453     0.00000000
  4378.82666016     0.00000000
  4379.83398438     0.00000000
  4380.84130859     0.00000000
  4381.85156250     0.00000000
  4382.85986328     0.00000000
  4383.87011719     0.00000000
  4384.87890625     0.00000000
  4385.89013672     0.00000000
  4386.89892578     0.00000000
  4387.91064453     0.00000000
  4388.91992188     0.00000000
  4389.92968750     0.00000000
  4390.94189453     0.00000000
  4391.95214844     0.00000000
  4392.96484375     0.00000000
  4393.97558594     0.00000000
  4394.98876953     0.00000000
  4396.00000000     0.00000000
  4397.01123047     0.00000000
  4398.02490234     0.00000000
  4399.03710938     0.00000000
  4400.05126953     0.00000000
  4401.06347656     0.00000000
  4402.07812500     0.00000000
  4403.09130859     0.00000000
  4404.10400391     0.00000000
  4405.11962891     0.00000000
  4406.13281250     0.00000000
  4407.14892578     0.00000000
  4408.16259766     0.00000000
  4409.17919922     0.00000000
  4410.19384766     0.00000000
  4411.20849609     0.00000000
  4412.22558594     0.00000000
  4413.24072266     0.00000000
  4414.25830078     0.00000000
  4415.27343750     0.00000000
  4416.29150391     0.00000000
  4417.30761719     0.00000000
  4418.32373047     0.00000000
  4419.34277344     0.00000000
  4420.35937500     0.00000000
  4421.37890625     0.00000000
  4422.39599609     0.00000000
  4423.41552734     0.00000000
  4424.43310547     0.00000000
  4425.45117188     0.00000000
  4426.47167969     0.00000000
  4427.49023438     0.00000000
  4428.51123047     0.00000000
  4429.52978516     0.00000000
  4430.55126953     0.00000000
  4431.57031250     0.00000000
  4432.58984375     0.00000000
  4433.61181641     0.00000000
  4434.63183594     0.00000000
  4435.65478516     0.00000000
  4436.67480469     0.00000000
  4437.69824219     0.00000000
  4438.71923828     0.00000000
  4439.73974609     0.00000000
  4440.76367188     0.00000000
  4441.78515625     0.00000000
  4442.80957031     0.00000000
  4443.83154297     0.00000000
  4444.85644531     0.00000000
  4445.87890625     0.00000000
  4446.90185547     0.00000000
  4447.92724609     0.00000000
  4448.95068359     0.00000000
  4449.97607422     0.00000000
  4451.00000000     0.00000000
  4452.02685547     0.00000000
  4453.05078125     0.00000000
  4454.07519531     0.00000000
  4455.10205078     0.00000000
  4456.12744141     0.00000000
  4457.15478516     0.00000000
  4458.18017578     0.00000000
  4459.20800781     0.00000000
  4460.23388672     0.00000000
  4461.26025391     0.00000000
  4462.28906250     0.00000000
  4463.31494141     0.00000000
  4464.34472656     0.00000000
  4465.37158203     0.00000000
  4466.40136719     0.00000000
  4467.42871094     0.00000000
  4468.45898438     0.00000000
  4469.48681641     0.00000000
  4470.51513672     0.00000000
  4471.54589844     0.00000000
  4472.57470703     0.00000000
  4473.60595703     0.00000000
  4474.63525391     0.00000000
  4475.66699219     0.00000000
  4476.69677734     0.00000000
  4477.72656250     0.00000000
  4478.75878906     0.00000000
  4479.78955078     0.00000000
  4480.82226563     0.00000000
  4481.85351563     0.00000000
  4482.88671875     0.00000000
  4483.91796875     0.00000000
  4484.94970703     0.00000000
  4485.98388672     0.00000000
  4487.01562500     0.00000000
  4488.05078125     0.00000000
  4489.08300781     0.00000000
  4490.11816406     0.00000000
  4491.15087891     0.00000000
  4492.18408203     0.00000000
  4493.22021484     0.00000000
  4494.25390625     0.00000000
  4495.29003906     0.00000000
  4496.32421875     0.00000000
  4497.36132813     0.00000000
  4498.39550781     0.00000000
  4499.43066406     0.00000000
  4500.46826172     0.00000000
  4501.50341797     0.00000000
  4502.54150391     0.00000000
  4503.57714844     0.00000000
  4504.61572266     0.00000000
  4505.65234375     0.00000000
  4506.68847656     0.00000000
  4507.72802734     0.00000000
  4508.76464844     0.00000000
  4509.80468750     0.00000000
  4510.84228516     0.00000000
  4511.88232422     0.00000000
  4512.92041016     0.00000000
  4513.95849609     0.00000000
  4514.99902344     0.00000000
  4516.03808594     0.00000000
  4517.07910156     0.00000000
  4518.11865234     0.00000000
  4519.16015625     0.00000000
  4520.20019531     0.00000000
  4521.23974609     0.00000000
  4522.28222656     0.00000000
  4523.32275391     0.00000000
  4524.36572266     0.00000000
  4525.40673828     0.00000000
  4526.45019531     0.00000000
  4527.49121094     0.00000000
  4528.53320313     0.00000000
  4529.57763672     0.00000000
  4530.61962891     0.00000000
  4531.66406250     0.00000000
  4532.70654297     0.00000000
  4533.75195313     0.00000000
  4534.79492188     0.00000000
  4535.83789063     0.00000000
  4536.88427734     0.00000000
  4537.92773438     0.00000000
  4538.97412109     0.00000000
  4540.01806641     0.00000000
  4541.06542969     0.00000000
  4542.10986328     0.00000000
  4543.15722656     0.00000000
  4544.20263672     0.00000000
  4545.24755859     0.00000000
  4546.29589844     0.00000000
  4547.34179688     0.00000000
  4548.39062500     0.00000000
  4549.43652344     0.00000000
  4550.48583984     0.00000000
  4551.53271484     0.00000000
  4552.58007813     0.00000000
  4553.62939453     0.00000000
  4554.67724609     0.00000000
  4555.72753906     0.00000000
  4556.77539063     0.00000000
  4557.82617188     0.00000000
  4558.87500000     0.00000000
  4559.92333984     0.00000000
  4560.97509766     0.00000000
  4562.02441406     0.00000000
  4563.07666016     0.00000000
  4564.12597656     0.00000000
  4565.17871094     0.00000000
  4566.22900391     0.00000000
  4567.27880859     0.00000000
  4568.33251953     0.00000000
  4569.38330078     0.00000000
  4570.43701172     0.00000000
  4571.48876953     0.00000000
  4572.54248047     0.00000000
  4573.59423828     0.00000000
  4574.64648438     0.00000000
  4575.70166016     0.00000000
  4576.75439453     0.00000000
  4577.80957031     0.00000000
  4578.86279297     0.00000000
  4579.91845703     0.00000000
  4580.97216797     0.00000000
  4582.02587891     0.00000000
  4583.08251953     0.00000000
  4584.13671875     0.00000000
  4585.19433594     0.00000000
  4586.24902344     0.00000000
  4587.30664063     0.00000000
  4588.36181641     0.00000000
  4589.41748047     0.00000000
  4590.47558594     0.00000000
  4591.53173828     0.00000000
  4592.59082031     0.00000000
  4593.64697266     0.00000000
  4594.70605469     0.00000000
  4595.76318359     0.00000000
  4596.82080078     0.00000000
  4597.88037109     0.00000000
  4598.93847656     0.00000000
  4599.99853516     0.00000000
  4601.05664063     0.00000000
  4602.11816406     0.00000000
  4603.17675781     0.00000000
  4604.23583984     0.00000000
  4605.29736328     0.00000000
  4606.35693359     0.00000000
  4607.41943359     0.00000000
  4608.47900391     0.00000000
  4609.54150391     0.00000000
  4610.60205078     0.00000000
  4611.66259766     0.00000000
  4612.72607422     0.00000000
  4613.78759766     0.00000000
  4614.85107422     0.00000001
  4615.91308594     0.00000002
  4616.97753906     0.00000004
  4618.03955078     0.00000009
  4619.10156250     0.00000017
  4620.16699219     0.00000034
  4621.22998047     0.00000066
  4622.29541016     0.00000124
  4623.35888672     0.00000230
  4624.42529297     0.00000418
  4625.48876953     0.00000744
  4626.55566406     0.00001303
  4627.61962891     0.00002235
  4628.68457031     0.00003761
  4629.75146484     0.00006216
  4630.81689453     0.00010071
  4631.88476563     0.00016024
  4632.95019531     0.00024987
  4634.01855469     0.00038270
  4635.08447266     0.00057447
  4636.15087891     0.00084617
  4637.22021484     0.00122403
  4638.28710938     0.00173564
  4639.35644531     0.00241642
  4640.42382813     0.00329870
  4641.49365234     0.00442115
  4642.56152344     0.00581083
  4643.62939453     0.00749388
  4644.70019531     0.00948920
  4645.76904297     0.01178555
  4646.84033203     0.01437048
  4647.90917969     0.01718812
  4648.98095703     0.02018529
  4650.05029297     0.02325776
  4651.12011719     0.02630590
  4652.19287109     0.02921548
  4653.26318359     0.03184614
  4654.33593750     0.03408802
  4655.40673828     0.03582384
  4656.47998047     0.03697481
  4657.55175781     0.03748013
  4658.62304688     0.03732050
  4659.69726563     0.03650726
  4660.76904297     0.03509211
  4661.84375000     0.03314516
  4662.91601563     0.03077555
  4663.99169922     0.02808392
  4665.06445313     0.02520479
  4666.13769531     0.02224510
  4667.21337891     0.01930450
  4668.28759766     0.01648320
  4669.36376953     0.01384290
  4670.43798828     0.01144329
  4671.51513672     0.00930423
  4672.58984375     0.00744908
  4673.66455078     0.00587020
  4674.74218750     0.00455033
  4675.81787109     0.00347354
  4676.89599609     0.00260829
  4677.97167969     0.00192903
  4679.05078125     0.00140272
  4680.12744141     0.00100451
  4681.20410156     0.00070785
  4682.28320313     0.00049034
  4683.36035156     0.00033435
  4684.44042969     0.00022399
  4685.51806641     0.00014769
  4686.59863281     0.00009564
  4687.67675781     0.00006095
  4688.75488281     0.00003820
  4689.83642578     0.00002353
  4690.91503906     0.00001436
  4691.99707031     0.00000879
  4693.07617188     0.00000569
  4694.15869141     0.00000435
  4695.23828125     0.00000455
  4696.31835938     0.00000648
  4697.40136719     0.00001085
  4698.48193359     0.00001905
  4699.56591797     0.00003361
  4700.64697266     0.00005845
  4701.73095703     0.00010005
  4702.81201172     0.00016785
  4703.89404297     0.00027642
  4704.97900391     0.00044714
  4706.06103516     0.00070862
  4707.14648438     0.00110314
  4708.22900391     0.00168256
  4709.31494141     0.00252056
  4710.39843750     0.00370043
  4711.48437500     0.00533323
  4712.56835938     0.00753462
  4713.65283203     0.01044287
  4714.73974609     0.01420655
  4715.82421875     0.01894376
  4716.91162109     0.02479512
  4717.99658203     0.03181306
  4719.08496094     0.04006426
  4720.17041016     0.04945744
  4721.25634766     0.05988874
  4722.34472656     0.07115627
  4723.43115234     0.08289491
  4724.52050781     0.09474927
  4725.60742188     0.10618550
  4726.69726563     0.11674407
  4727.78466797     0.12585665
  4728.87207031     0.13307329
  4729.96240234     0.13800986
  4731.05078125     0.14036269
  4732.14160156     0.14000371
  4733.22998047     0.13695525
  4734.32177734     0.13137302
  4735.41113281     0.12359694
  4736.50048828     0.11403871
  4737.59228516     0.10316520
  4738.68212891     0.09154189
  4739.77490234     0.07962846
  4740.86523438     0.06794704
  4741.95898438     0.05682569
  4743.04931641     0.04663115
  4744.14062500     0.03751865
  4745.23437500     0.02958634
  4746.32617188     0.02288848
  4747.42089844     0.01735060
  4748.51318359     0.01290531
  4749.60791016     0.00940598
  4750.70019531     0.00672719
  4751.79345703     0.00471650
  4752.88916016     0.00323978
  4753.98242188     0.00218397
  4755.07861328     0.00144201
  4756.17285156     0.00093426
  4757.26953125     0.00059291
  4758.36425781     0.00036924
  4759.45849609     0.00022552
  4760.55615234     0.00013484
  4761.65136719     0.00007914
  4762.74951172     0.00004548
  4763.84472656     0.00002566
  4764.94335938     0.00001417
  4766.03955078     0.00000768
  4767.13623047     0.00000408
  4768.23535156     0.00000212
  4769.33251953     0.00000108
  4770.43212891     0.00000054
  4771.52978516     0.00000027
  4772.62988281     0.00000013
  4773.72802734     0.00000006
  4774.82617188     0.00000003
  4775.92675781     0.00000001
  4777.02587891     0.00000001
  4778.12744141     0.00000000
  4779.22656250     0.00000000
  4780.32861328     0.00000000
  4781.42822266     0.00000000
  4782.52832031     0.00000000
  4783.63134766     0.00000000
  4784.73144531     0.00000000
  4785.83496094     0.00000000
  4786.93603516     0.00000000
  4788.03955078     0.00000000
  4789.14111328     0.00000000
  4790.24316406     0.00000000
  4791.34716797     0.00000000
  4792.44970703     0.00000000
  4793.55517578     0.00000000
  4794.65771484     0.00000000
  4795.76318359     0.00000000
  4796.86669922     0.00000000
  4797.97265625     0.00000000
  4799.07666016     0.00000000
  4800.18066406     0.00000000
  4801.28710938     0.00000000
  4802.39208984     0.00000000
  4803.49951172     0.00000000
  4804.60449219     0.00000000
  4805.71240234     0.00000000
  4806.81787109     0.00000000
  4807.92382813     0.00000000
  4809.03271484     0.00000000
  4810.13867188     0.00000000
  4811.24804688     0.00000000
  4812.35449219     0.00000000
  4813.46435547     0.00000000
  4814.57177734     0.00000000
  4815.67919922     0.00000000
  4816.78955078     0.00000000
  4817.89794922     0.00000000
  4819.00878906     0.00000000
  4820.11767578     0.00000000
  4821.22900391     0.00000000
  4822.33837891     0.00000000
  4823.44726563     0.00000000
  4824.55957031     0.00000000
  4825.66943359     0.00000000
  4826.78271484     0.00000000
  4827.89306641     0.00000000
  4829.00634766     0.00000000
  4830.11718750     0.00000000
  4831.22851563     0.00000000
  4832.34228516     0.00000000
  4833.45361328     0.00000000
  4834.56884766     0.00000000
  4835.68066406     0.00000000
  4836.79589844     0.00000000
  4837.90820313     0.00000000
  4839.02148438     0.00000000
  4840.13769531     0.00000000
  4841.25048828     0.00000000
  4842.36718750     0.00000000
  4843.48144531     0.00000000
  4844.59814453     0.00000000
  4845.71240234     0.00000000
  4846.82714844     0.00000000
  4847.94482422     0.00000000
  4849.06005859     0.00000000
  4850.17871094     0.00000000
  4851.29443359     0.00000000
  4852.41308594     0.00000000
  4853.52929688     0.00000000
  4854.64550781     0.00000000
  4855.76513672     0.00000000
  4856.88232422     0.00000000
  4858.00244141     0.00000000
  4859.11962891     0.00000000
  4860.24023438     0.00000000
  4861.35839844     0.00000000
  4862.47705078     0.00000000
  4863.59814453     0.00000000
  4864.71679688     0.00000000
  4865.83886719     0.00000000
  4866.95849609     0.00000000
  4868.08056641     0.00000000
  4869.20019531     0.00000000
  4870.32031250     0.00000000
  4871.44384766     0.00000000
  4872.56445313     0.00000001
  4873.68798828     0.00000002
  4874.80908203     0.00000004
  4875.93310547     0.00000009
  4877.05468750     0.00000019
  4878.17675781     0.00000042
  4879.30175781     0.00000091
  4880.42431641     0.00000192
  4881.54980469     0.00000398
  4882.67285156     0.00000812
  4883.79833984     0.00001625
  4884.92236328     0.00003187
  4886.04882813     0.00006142
  4887.17236328     0.00011594
  4888.29687500     0.00021479
  4889.42382813     0.00039089
  4890.54882813     0.00069712
  4891.67675781     0.00122139
  4892.80175781     0.00209618
  4893.93017578     0.00353466
  4895.05615234     0.00584017
  4896.18212891     0.00946589
  4897.31103516     0.01506840
  4898.43798828     0.02351036
  4899.56738281     0.03601521
  4900.69433594     0.05406873
  4901.82421875     0.07970314
  4902.95214844     0.11516877
  4904.08007813     0.16323844
  4905.21093750     0.22714311
  4906.33935547     0.30979827
  4907.47070313     0.41476023
  4908.59960938     0.54431051
  4909.73193359     0.70117992
  4910.86132813     0.88536775
  4911.99072266     1.09654045
  4913.12353516     1.33283138
  4914.25390625     1.58827758
  4915.38720703     1.85709655
  4916.51806641     2.12898254
  4917.65185547     2.39450455
  4918.78271484     2.64059281
  4919.91455078     2.85626125
  4921.04882813     3.03047800
  4922.18115234     3.15308666
  4923.31640625     3.21762657
  4924.44873047     3.22006702
  4925.58447266     3.16023970
  4926.71728516     3.04187346
  4927.85058594     2.87147832
  4928.98681641     2.65779209
  4930.12109375     2.41279769
  4931.25781250     2.14751935
  4932.39208984     1.87493753
  4933.52978516     1.60455501
  4934.66503906     1.34703183
  4935.79980469     1.10906923
  4936.93847656     0.89481211
  4938.07373047     0.70842111
  4939.21289063     0.54951280
  4940.34912109     0.41825548
  4941.48779297     0.31198108
  4942.62500000     0.22827761
  4943.76171875     0.16381451
  4944.90185547     0.11515088
  4946.03955078     0.07942985
  4947.18017578     0.05367040
  4948.31787109     0.03559551
  4949.45898438     0.02311876
  4950.59765625     0.01473648
  4951.73681641     0.00920877
  4952.87841797     0.00563646
  4954.01806641     0.00338549
  4955.16064453     0.00199108
  4956.30029297     0.00114971
  4957.44287109     0.00064997
  4958.58349609     0.00036063
  4959.72460938     0.00019613
  4960.86816406     0.00010444
  4962.00927734     0.00005460
  4963.15380859     0.00002793
  4964.29541016     0.00001403
  4965.43994141     0.00000690
  4966.58203125     0.00000334
  4967.72460938     0.00000161
  4968.87060547     0.00000081
  4970.01367188     0.00000051
  4971.15966797     0.00000053
  4972.30322266     0.00000091
  4973.44970703     0.00000183
  4974.59375000     0.00000380
  4975.74121094     0.00000783
  4976.88574219     0.00001581
  4978.03076172     0.00003135
  4979.17871094     0.00006108
  4980.32421875     0.00011657
  4981.47265625     0.00021863
  4982.61865234     0.00040172
  4983.76757813     0.00072519
  4984.91406250     0.00128262
  4986.06054688     0.00222547
  4987.21044922     0.00379396
  4988.35791016     0.00633758
  4989.50830078     0.01039801
  4990.65625000     0.01671722
  4991.80664063     0.02639015
  4992.95507813     0.04083392
  4994.10400391     0.06198994
  4995.25537109     0.09238841
  4996.40429688     0.13495077
  4997.55664063     0.19356361
  4998.70654297     0.27211654
  4999.85937500     0.37553892
  5001.00927734     0.50794017
  5002.15966797     0.67397571
  5003.31347656     0.87784994
  5004.46435547     1.12073708
  5005.61816406     1.40421891
  5006.77001953     1.72499657
  5007.92431641     2.07921648
  5009.07666016     2.45728207
  5010.22851563     2.84821701
  5011.38427734     3.23937440
  5012.53662109     3.61209917
  5013.69287109     3.95151734
  5014.84619141     4.23869848
  5016.00244141     4.45985126
  5017.15673828     4.60175467
  5018.31054688     4.65678120
  5019.46826172     4.62157011
  5020.62255859     4.49831867
  5021.78076172     4.29326725
  5022.93554688     4.01906872
  5024.09423828     3.68871951
  5025.25000000     3.32083654
  5026.40576172     2.93195724
  5027.56494141     2.53751397
  5028.72167969     2.15430069
  5029.88134766     1.79273438
  5031.03808594     1.46366012
  5032.19824219     1.17109120
  5033.35595703     0.91927516
  5034.51416016     0.70755500
  5035.67480469     0.53371686
  5036.83349609     0.39496249
  5037.99511719     0.28637356
  5039.15380859     0.20377314
  5040.31591797     0.14203078
  5041.47558594     0.09714473
  5042.63525391     0.06515340
  5043.79785156     0.04280213
  5044.95800781     0.02759570
  5046.12158203     0.01742176
  5047.28222656     0.01079695
  5048.44628906     0.00655130
  5049.60791016     0.00390169
  5050.76904297     0.00227892
  5051.93408203     0.00130268
  5053.09619141     0.00073112
  5054.26171875     0.00040162
  5055.42431641     0.00021663
  5056.58984375     0.00011438
  5057.75341797     0.00005927
  5058.91699219     0.00003012
  5060.08300781     0.00001498
  5061.24755859     0.00000731
  5062.41455078     0.00000349
  5063.57910156     0.00000164
  5064.74658203     0.00000075
  5065.91210938     0.00000034
  5067.08007813     0.00000015
  5068.24560547     0.00000006
  5069.41162109     0.00000003
  5070.58056641     0.00000001
  5071.74707031     0.00000000
  5072.91699219     0.00000000
  5074.08349609     0.00000000
  5075.25390625     0.00000000
  5076.42138672     0.00000000
  5077.58935547     0.00000000
  5078.76025391     0.00000000
  5079.92822266     0.00000000
  5081.10009766     0.00000000
  5082.26904297     0.00000000
  5083.44091797     0.00000000
  5084.61035156     0.00000000
  5085.77978516     0.00000000
  5086.95263672     0.00000000
  5088.12304688     0.00000000
  5089.29638672     0.00000000
  5090.46728516     0.00000000
  5091.64111328     0.00000000
  5092.81201172     0.00000000
  5093.98388672     0.00000000
  5095.15820313     0.00000000
  5096.33056641     0.00000000
  5097.50585938     0.00000000
  5098.67871094     0.00000000
  5099.85400391     0.00000000
  5101.02734375     0.00000000
  5102.20117188     0.00000000
  5103.37744141     0.00000000
  5104.55126953     0.00000000
  5105.72851563     0.00000000
  5106.90332031     0.00000000
  5108.08056641     0.00000000
  5109.25585938     0.00000000
  5110.43115234     0.00000000
  5111.60986328     0.00000000
  5112.78564453     0.00000000
  5113.96435547     0.00000000
  5115.14111328     0.00000001
  5116.32031250     0.00000002
  5117.49755859     0.00000005
  5118.67480469     0.00000011
  5119.85546875     0.00000024
  5121.03320313     0.00000053
  5122.21386719     0.00000114
  5123.39208984     0.00000241
  5124.57373047     0.00000500
  5125.75244141     0.00001018
  5126.93164063     0.00002034
  5128.11425781     0.00003995
  5129.29394531     0.00007684
  5130.47656250     0.00014522
  5131.65673828     0.00026888
  5132.84033203     0.00048923
  5134.02099609     0.00087198
  5135.20214844     0.00152499
  5136.38623047     0.00261981
  5137.56787109     0.00441003
  5138.75244141     0.00729133
  5139.93457031     0.01181326
  5141.12011719     0.01880000
  5142.30273438     0.02931477
  5143.48583984     0.04484755
  5144.67187500     0.06736888
  5145.85546875     0.09918427
  5147.04199219     0.14336605
  5148.22607422     0.20311430
  5149.41308594     0.28249201
  5150.59814453     0.38516268
  5151.78271484     0.51504618
  5152.97070313     0.67607939
  5154.15625000     0.86997199
  5155.34472656     1.09865224
  5156.53076172     1.36018848
  5157.71972656     1.65248156
  5158.90625000     1.96827531
  5160.09570313     2.30030417
  5161.28271484     2.63587046
  5162.47021484     2.96257186
  5163.66113281     3.26665664
  5164.84863281     3.53170276
  5166.03955078     3.74546742
  5167.22802734     3.89522958
  5168.41992188     3.97318530
  5169.60888672     3.97440648
  5170.79785156     3.89910531
  5171.99023438     3.75108242
  5173.18017578     3.53931618
  5174.37304688     3.27441764
  5175.56347656     2.97130823
  5176.75683594     2.64341116
  5177.94775391     2.30679178
  5179.13916016     1.97403169
  5180.33349609     1.65587187
  5181.52490234     1.36270118
  5182.71972656     1.09905601
  5183.91210938     0.86962461
  5185.10742188     0.67433119
  5186.30029297     0.51302123
  5187.49365234     0.38269013
  5188.68945313     0.27974960
  5189.88330078     0.20063040
  5191.08007813     0.14097041
  5192.27392578     0.09721065
  5193.47167969     0.06564768
  5194.66650391     0.04351187
  5195.86132813     0.02827949
  5197.05957031     0.01799863
  5198.25488281     0.01124463
  5199.45410156     0.00687719
  5200.64990234     0.00412985
  5201.84912109     0.00242801
  5203.04589844     0.00140112
  5204.24267578     0.00079277
  5205.44287109     0.00043906
  5206.64013672     0.00023876
  5207.84130859     0.00012704
  5209.03906250     0.00006639
  5210.24023438     0.00003395
  5211.43896484     0.00001705
  5212.63769531     0.00000839
  5213.83984375     0.00000404
  5215.03906250     0.00000191
  5216.24169922     0.00000088
  5217.44189453     0.00000040
  5218.64501953     0.00000018
  5219.84570313     0.00000008
  5221.04638672     0.00000003
  5222.25048828     0.00000001
  5223.45166016     0.00000001
  5224.65625000     0.00000000
  5225.85839844     0.00000000
  5227.06298828     0.00000000
  5228.26562500     0.00000000
  5229.46826172     0.00000000
  5230.67431641     0.00000000
  5231.87744141     0.00000000
  5233.08398438     0.00000000
  5234.28808594     0.00000001
  5235.49511719     0.00000002
  5236.69921875     0.00000003
  5237.90380859     0.00000007
  5239.11181641     0.00000014
  5240.31738281     0.00000029
  5241.52587891     0.00000058
  5242.73144531     0.00000113
  5243.94042969     0.00000215
  5245.14697266     0.00000403
  5246.35595703     0.00000743
  5247.56298828     0.00001340
  5248.77050781     0.00002371
  5249.98046875     0.00004122
  5251.18847656     0.00007023
  5252.39941406     0.00011752
  5253.60791016     0.00019270
  5254.81933594     0.00031032
  5256.02783203     0.00048964
  5257.23730469     0.00075815
  5258.44921875     0.00115248
  5259.65917969     0.00171729
  5260.87207031     0.00251236
  5262.08203125     0.00360200
  5263.29541016     0.00507046
  5264.50634766     0.00699625
  5265.71777344     0.00947014
  5266.93164063     0.01258062
  5268.14355469     0.01638515
  5269.35839844     0.02094372
  5270.57031250     0.02624207
  5271.78564453     0.03226941
  5272.99853516     0.03890360
  5274.21191406     0.04600559
  5275.42773438     0.05337530
  5276.64160156     0.06072123
  5277.85839844     0.06776828
  5279.07275391     0.07416219
  5280.29003906     0.07961166
  5281.50439453     0.08380323
  5282.71972656     0.08652206
  5283.93750000     0.08761047
  5285.15332031     0.08700085
  5286.37158203     0.08472536
  5287.58837891     0.08091934
  5288.80761719     0.07578199
  5290.02392578     0.06961216
  5291.24121094     0.06270634
  5292.46093750     0.05538024
  5293.67871094     0.04797385
  5294.89990234     0.04073524
  5296.11767578     0.03393514
  5297.33886719     0.02770751
  5298.55761719     0.02219350
  5299.77636719     0.01743281
  5300.99853516     0.01341814
  5302.21826172     0.01013294
  5303.44042969     0.00749908
  5304.66064453     0.00544472
  5305.88427734     0.00387267
  5307.10449219     0.00270359
  5308.32568359     0.00185024
  5309.54980469     0.00124042
  5310.77099609     0.00081619
  5311.99560547     0.00052596
  5313.21777344     0.00033262
  5314.44335938     0.00020598
  5315.66552734     0.00012523
  5316.88818359     0.00007464
  5318.11425781     0.00004356
  5319.33789063     0.00002495
  5320.56445313     0.00001399
  5321.78857422     0.00000770
  5323.01611328     0.00000415
  5324.24023438     0.00000220
  5325.46484375     0.00000114
  5326.69335938     0.00000058
  5327.91894531     0.00000029
  5329.14746094     0.00000014
  5330.37353516     0.00000007
  5331.60253906     0.00000003
  5332.82861328     0.00000001
  5334.05566406     0.00000001
  5335.28564453     0.00000000
  5336.51318359     0.00000000
  5337.74316406     0.00000000
  5338.97119141     0.00000000
  5340.20214844     0.00000000
  5341.43115234     0.00000000
  5342.66259766     0.00000000
  5343.89160156     0.00000000
  5345.12158203     0.00000000
  5346.35400391     0.00000000
  5347.58398438     0.00000000
  5348.81689453     0.00000000
  5350.04785156     0.00000000
  5351.28125000     0.00000000
  5352.51220703     0.00000000
  5353.74365234     0.00000000
  5354.97851563     0.00000000
  5356.20996094     0.00000000
  5357.44482422     0.00000000
  5358.67773438     0.00000000
  5359.91357422     0.00000000
  5361.14648438     0.00000000
  5362.37988281     0.00000000
  5363.61621094     0.00000000
  5364.85009766     0.00000000
  5366.08740234     0.00000000
  5367.32177734     0.00000000
  5368.55908203     0.00000000
  5369.79443359     0.00000000
  5371.02929688     0.00000000
  5372.26806641     0.00000000
  5373.50439453     0.00000000
  5374.74365234     0.00000000
  5375.97949219     0.00000000
  5377.21972656     0.00000000
  5378.45605469     0.00000000
  5379.69384766     0.00000000
  5380.93408203     0.00000000
  5382.17236328     0.00000000
  5383.41308594     0.00000000
  5384.65185547     0.00000000
  5385.89355469     0.00000000
  5387.13232422     0.00000000
  5388.37158203     0.00000000
  5389.61474609     0.00000000
  5390.85449219     0.00000000
  5392.09765625     0.00000000
  5393.33789063     0.00000000
  5394.58154297     0.00000000
  5395.82226563     0.00000000
  5397.06396484     0.00000000
  5398.30810547     0.00000000
  5399.55029297     0.00000000
  5400.79492188     0.00000000
  5402.03808594     0.00000000
  5403.28369141     0.00000000
  5404.52685547     0.00000000
  5405.76953125     0.00000000
  5407.01660156     0.00000000
  5408.26025391     0.00000000
  5409.50781250     0.00000000
  5410.75195313     0.00000000
  5411.99951172     0.00000000
  5413.24414063     0.00000000
  5414.48974609     0.00000000
  5415.73876953     0.00000000
  5416.98437500     0.00000000
  5418.23339844     0.00000000
  5419.47949219     0.00000000
  5420.72949219     0.00000000
  5421.97656250     0.00000000
  5423.22412109     0.00000000
  5424.47460938     0.00000000
  5425.72265625     0.00000000
  5426.97363281     0.00000000
  5428.22167969     0.00000000
  5429.47363281     0.00000000
  5430.72314453     0.00000000
  5431.97265625     0.00000000
  5433.22509766     0.00000000
  5434.47509766     0.00000000
  5435.72802734     0.00000000
  5436.97851563     0.00000000
  5438.23242188     0.00000000
  5439.48291016     0.00000000
  5440.73730469     0.00000000
  5441.98925781     0.00000000
  5443.24121094     0.00000000
  5444.49609375     0.00000000
  5445.74853516     0.00000000
  5447.00488281     0.00000000
  5448.25732422     0.00000000
  5449.51416016     0.00000000
  5450.76757813     0.00000000
  5452.02148438     0.00000000
  5453.27880859     0.00000000
  5454.53369141     0.00000000
  5455.79101563     0.00000000
  5457.04638672     0.00000000
  5458.30419922     0.00000000
  5459.56005859     0.00000000
  5460.81640625     0.00000000
  5462.07568359     0.00000000
  5463.33203125     0.00000000
  5464.59179688     0.00000000
  5465.84912109     0.00000000
  5467.10937500     0.00000000
  5468.36718750     0.00000000
  5469.62548828     0.00000000
  5470.88671875     0.00000000
  5472.14453125     0.00000000
  5473.40673828     0.00000000
  5474.66601563     0.00000000
  5475.92871094     0.00000000
  5477.18798828     0.00000000
  5478.44824219     0.00000000
  5479.71142578     0.00000000
  5480.97216797     0.00000000
  5482.23583984     0.00000000
  5483.49707031     0.00000000
  5484.76171875     0.00000000
  5486.02343750     0.00000000
  5487.28564453     0.00000000
  5488.55078125     0.00000000
  5489.81396484     0.00000000
  5491.07958984     0.00000000
  5492.34277344     0.00000000
  5493.60888672     0.00000000
  5494.87304688     0.00000000
  5496.13720703     0.00000000
  5497.40429688     0.00000000
  5498.66943359     0.00000000
  5499.93701172     0.00000000
